# Number of parameters = 167 Objective function value = 29959.2389917477  Maximum gradient component = 0.000670420946947914
# log_L50m:
 3.78686249822679
# log_sigma1m:
 1.85599545731900
# log_sigma2m:
 3.55688434747134
# log_L50h:
 3.58424192259986
# log_sigma1h:
 1.62268530511395
# log_sigma2h:
 3.54741207822973
# log_L50ch:
 3.46790122670604
# log_sigma1ch:
 1.47177929132744
# log_sigma2ch:
 3.53329985562160
# log_L50cm:
 3.91229909286857
# log_sigma1cm:
 2.33021755710337
# log_sigma2cm:
 3.55533633701695
# log_Ro:
5.69633990404
# log_pRm:
-0.693140000000
# dev_log_Ro:
 0.242116122291 -0.499429153119 -1.00841881414 -0.743425310511 -0.248215000611 1.14807939561 1.05166567428 -0.500708509305 -0.126316053715 0.355082979764 1.14752834600 0.644283193111 0.235292270533 -0.207723488703 -0.255040235131 -0.680405904097 -0.992648635426 0.178010154999 0.309472956288 0.545819977218 1.44130791570 0.747865708942 0.873360082716 0.890697315195 0.383849667977 0.812026985426 0.443203163603 0.118020140423 0.836814006853 0.0754703565218 -0.114112649169 -0.162563738159 -0.378816962176 -0.0904656728303 -0.546105493680 -0.775105708456 -1.49765358618 -1.69907487897 -1.33469985112 -0.385553195499 -0.233483572451
# dev_log_Nom:
 1.41333241651 0.826797633995 -0.0874370217938 -0.451677154241 -0.667070408255 -0.751706875872 -0.748427218871 -0.693773551012 -0.611050969424 -0.501053404020 -0.704228311867
# dev_log_Noh:
 0.699396830450 -0.315010555242 -0.898250510662 -1.03509990347 -1.00427584181 -0.912653292701 -0.797029632705 -0.674888697554 -0.556890288607 -0.448942328148 -0.652890794990
# log_Fm:
 -2.96315787345 -1.68006407868 -0.200000001667 -0.266479832404 -0.428776847450 -1.74132563094 -1.45912724237 -1.17148885672 -0.311805848674 -0.450277889222 -1.25851364741 -0.849293914476 -0.840160169051 -1.29135089796 -2.22835386274 -1.29884557692 -1.44113221760 -1.50604196437 -0.254926797820 -0.200000000992 -0.200000001322 -1.14726980555 -3.13490027130 -3.35073889646 -3.42245137219 -3.25877721231 -3.00056202377 -2.36307982202 -2.11549972735 -1.71360826853 -1.67193486749 -1.83375774202 -1.80604763963 -1.96428565770 -2.10438736889 -2.34610095487 -1.64447389267 -1.74533309173 -1.39226281512 -1.28088585143 -0.827436055852
# log_Fh:
 -3.23767083165 -1.88109511062 -0.200000007639 -0.200000104605 -0.200000003442 -1.29470392738 -1.02655661939 -1.08561468591 -0.796511901679 -1.20645535587 -1.95510794888 -1.42963812899 -1.41462000920 -1.95988538798 -2.92237902384 -1.91289627157 -1.95770294906 -1.93582772096 -0.901809763020 -0.921135063307 -2.10564552788 -2.34467690176 -3.97827099166 -4.28455538099 -4.53896249931 -3.76820986539 -3.65340309037 -2.79901537250 -2.75092718791 -2.63386021945 -2.65613172015 -1.99998280881 -2.42372610820 -2.79826118789 -2.92247085820 -2.85491023565 -2.40385807858 -2.72411952260 -2.27154566254 -2.27107066977 -2.45326309661
# log_qflo:
 -9.79442161664
# log_qcru:
 -0.497367922402 -0.228308541910
# log_Lom:
2.95854948243
# log_cv_edadm:
-2.66500226488
# log_Loh:
2.93332481343
# log_cv_edadh:
-2.67379123814
# log_Mh:
-1.20397280433
# log_Mm:
-1.20397280433
# log_Fref:
 -0.158688266401 -0.681929121150 -0.912923674656 -1.04644350504
