# Number of parameters = 170 Objective function value = 31604.7838454806  Maximum gradient component = 0.000175042976210626
# log_L50flom:
 3.79036410631659
# log_sdL50flomL:
 1.85360084512735
# log_sdL50flomR:
 3.55695122651161
# log_L50floh:
 3.58118960821871
# log_sdL50flohL:
 1.60445518439752
# log_sdL50flohR:
 3.54678913385835
# log_L50cruh:
 3.47653762955123
# log_sdL50cruhL:
 1.47861772589529
# log_sdL50cruhR:
 3.53341553216691
# log_L50crum:
 3.90909599413043
# log_sdL50crumL:
 2.31285054937037
# log_sdL50crumR:
 3.55533232247814
# log_Ro:
5.78545384975
# log_propmR:
-0.693140000000
# log_dev_Ro:
 0.194187269309 -0.562255425404 -1.06802253689 -0.807289984655 -0.295797444467 1.10711022294 1.01123647348 -0.533189924790 -0.153191580657 0.353401733740 1.10051795846 0.619406947990 0.197832867790 -0.246291185812 -0.307050659445 -0.735044310133 -1.02887538914 0.141754774636 0.280814689483 0.535071349210 1.41506002400 0.742086731383 0.867391932791 0.882613564868 0.399977021741 0.810431085321 0.461464922678 0.140924661734 0.862221403004 0.0924976779363 -0.0660168091950 -0.0960901385524 -0.288643872175 0.0831335973595 -0.307772203825 -0.330059632394 -0.808729194232 -1.22261395962 -1.62571949499 -1.18634347266 -0.382177090905 -0.247962599901
# log_dev_Nom:
 1.32268346374 0.807834356090 -0.116343019732 -0.471112869100 -0.685579845578 -0.770402209618 -0.767002031830 -0.711761913645 -0.627787615460 -0.517440433458 -0.724242231622
# log_dev_Noh:
 0.658436564728 -0.376880293711 -0.961509692740 -1.09920479948 -1.06573154135 -0.969518559491 -0.848556593088 -0.720704674402 -0.596788882791 -0.481826197522 -0.690988941863
# log_Fm:
 -2.94484303732 -1.65735985344 -0.200000001466 -0.228215116334 -0.379504063786 -1.68515677083 -1.40301230742 -1.12616389007 -0.261128055642 -0.388840376802 -1.20106808151 -0.797808327350 -0.795364462024 -1.25320916463 -2.19282470501 -1.26364186519 -1.40647637892 -1.47199321123 -0.226358586331 -0.200000000910 -0.200000001260 -1.11096041342 -3.09495854549 -3.32255168776 -3.40857290274 -3.22788669184 -2.98371307860 -2.34211665953 -2.10826119841 -1.72057351702 -1.68812013735 -1.82019318855 -1.82096149962 -1.99800844785 -2.14666534963 -2.38408740843 -1.70543716698 -1.83302821868 -1.50041636663 -1.44464150934 -1.32518041665 -0.949338223354
# log_Fh:
 -3.20148052357 -1.84619816761 -0.200000008451 -0.200000032197 -0.200000003224 -1.27272067147 -0.987951187143 -1.05586626947 -0.781782927282 -1.19365084279 -1.94284951356 -1.41202187157 -1.39642316052 -1.94994463596 -2.91845909514 -1.90464187652 -1.94726971223 -1.92119385875 -0.882352479810 -0.932516452311 -2.12284390089 -2.33250760280 -3.96889868347 -4.29106209105 -4.56106202341 -3.77161783434 -3.66780274114 -2.80658538546 -2.77119219235 -2.66774373606 -2.69762850273 -2.00697965204 -2.46537113400 -2.85731595407 -2.98798525771 -2.91588590878 -2.49137803573 -2.84410896093 -2.41590336399 -2.47016971860 -2.18937336236 -2.38059541396
# log_qflo:
 -9.76706953313
# log_qcru:
 -0.433383882427 -0.208857218079
# log_Lom:
2.95854948243
# log_cv_edadm:
-2.67531289692
# log_Loh:
2.93332481343
# log_cv_edadh:
-2.68444171656
# log_Mh:
-1.20397280433
# log_Mm:
-1.20397280433
# log_Fref:
 -0.0182789452733 -0.570264795496 -0.811209810818 -0.949770619261
