# nyrs 
 41 

# nages 
 11 

# ntallas 
 43 

# Ind 
1979 382 0 0 0.5 0.1 0.15 0.3 0.05 117.042848166795 68.6870491136118 209.703654997484 59.34468511247
1980 1478 0 0 0.5 0.1 0.15 0.3 0.05 117.042848166795 68.6870491136118 209.703654997484 59.34468511247
1981 9066 0 0 0.5 0.1 0.15 0.3 0.05 117.042848166795 68.6870491136118 209.703654997484 59.34468511247
1982 6042 0.616407 0 0.5 0.1 0.15 0.3 0.05 117.042848166795 68.6870491136118 209.703654997484 59.34468511247
1983 5912 0.6341695 0 0.5 0.1 0.15 0.3 0.05 117.042848166795 68.6870491136118 209.703654997484 59.34468511247
1984 1714 0 0 0.5 0.1 0.15 0.3 0.05 117.042848166795 68.6870491136118 209.703654997484 59.34468511247
1985 2263 0.4388418 0 0.5 0.1 0.15 0.3 0.05 117.042848166795 68.6870491136118 209.703654997484 59.34468511247
1986 2720 0.5846311 0 0.5 0.1 0.15 0.3 0.05 117.042848166795 68.6870491136118 209.703654997484 59.34468511247
1987 5001 0.5761911 0 0.5 0.1 0.15 0.3 0.05 117.042848166795 68.6870491136118 209.703654997484 59.34468511247
1988 4152 0.4086331 0 0.5 0.1 0.15 0.3 0.05 117.042848166795 68.6870491136118 209.703654997484 59.34468511247
1989 2506 0.4962015 0 0.5 0.1 0.15 0.3 0.05 117.042848166795 68.6870491136118 209.703654997484 59.34468511247
1990 4670 0.8259981 0 0.5 0.1 0.15 0.3 0.05 117.042848166795 68.6870491136118 209.703654997484 59.34468511247
1991 4704 1.0759282 0 0.5 0.1 0.15 0.3 0.05 117.042848166795 68.6870491136118 209.703654997484 59.34468511247
1992 2957 1.1436619 0 0.5 0.1 0.15 0.3 0.05 117.042848166795 68.6870491136118 209.703654997484 59.34468511247
1993 1347 1.4856162 0 0.5 0.1 0.15 0.3 0.05 117.042848166795 68.6870491136118 209.703654997484 59.34468511247
1994 3953 0.9431331 0 0.5 0.1 0.15 0.3 0.05 117.042848166795 68.6870491136118 209.703654997484 59.34468511247
1995 3890 1.4750514 29000 0.5 0.1 0.15 0.3 0.05 117.042848166795 68.6870491136118 209.703654997484 59.34468511247
1996 3713 0.908794 0 0.5 0.1 0.15 0.3 0.05 117.042848166795 68.6870491136118 209.703654997484 59.34468511247
1997 8569 1.3977257 27227 0.44 0.1 0.15 0.3 0.05 117.042848166795 68.6870491136118 209.703654997484 59.34468511247
1998 6767 0.8640585 0 0.43 0.1 0.15 0.3 0.05 117.042848166795 68.6870491136118 209.703654997484 59.34468511247
1999 3276 0.5267638 2531 0.26 0.1 0.15 0.3 0.05 117.042848166795 68.6870491136118 209.703654997484 59.34468511247
2000 1237 0.3850923 3731 0.46 0.1 0.15 0.3 0.05 117.042848166795 68.6870491136118 209.703654997484 59.34468511247
2001 270 0.4074578 7936 0.54 0.1 0.15 0.3 0.05 117.042848166795 68.6870491136118 209.703654997484 59.34468511247
2002 308 0.4832407 9055 0.5 0.1 0.15 0.3 0.05 117.042848166795 68.6870491136118 209.703654997484 59.34468511247
2003 393 0.8431289 9296 0.43 0.1 0.15 0.3 0.05 117.042848166795 68.6870491136118 209.703654997484 59.34468511247
2004 781 1.1261076 34796 0.55 0.1 0.15 0.3 0.05 117.042848166795 68.6870491136118 209.703654997484 59.34468511247
2005 1162 1.2568969 42443 0.49 0.1 0.15 0.3 0.05 117.042848166795 68.6870491136118 209.703654997484 59.34468511247
2006 2614 1.4539269 55111 0.52 0.1 0.15 0.3 0.05 117.042848166795 68.6870491136118 209.703654997484 59.34468511247
2007 3247 1.7029145 41233 0.46 0.1 0.15 0.3 0.05 117.042848166795 68.6870491136118 209.703654997484 59.34468511247
2008 4396 1.6618687 34135 0.39 0.1 0.15 0.3 0.05 117.042848166795 68.6870491136118 209.703654997484 59.34468511247
2009 4284 1.7903321 34480 0.38 0.1 0.15 0.3 0.05 117.042848166795 68.6870491136118 209.703654997484 59.34468511247
2010 4296 1.344108 0 0.56 0.1 0.15 0.3 0.05 117.042848166795 68.6870491136118 209.703654997484 59.34468511247
2011 3680 1.6305474 16978 0.46 0.1 0.15 0.3 0.05 117.042848166795 68.6870491136118 209.703654997484 59.34468511247
2012 2822 1.4567547 5688 0.41 0.1 0.15 0.3 0.05 117.042848166795 68.6870491136118 209.703654997484 59.34468511247
2013 2350 1.0136511 7231 0.41 0.1 0.15 0.3 0.05 117.042848166795 68.6870491136118 209.703654997484 59.34468511247
2014 1872 1.5366084 18613 0.48 0.1 0.15 0.3 0.05 117.042848166795 68.6870491136118 209.703654997484 59.34468511247
2015 3192 0.821145 12830 0.42 0.1 0.15 0.3 0.05 117.042848166795 68.6870491136118 209.703654997484 59.34468511247
2016 2356 0.6952844 15188 0.38 0.1 0.15 0.3 0.05 117.042848166795 68.6870491136118 209.703654997484 59.34468511247
2017 3063 0.8739706 14850 0.41 0.1 0.15 0.3 0.05 117.042848166795 68.6870491136118 209.703654997484 59.34468511247
2018 2711 1.0042201 17473 0.39 0.1 0.15 0.3 0.05 117.042848166795 68.6870491136118 209.703654997484 59.34468511247
2019 2711 1.1109381 0 0.27 0.1 0.15 0.3 0.05 117.042848166795 68.6870491136118 209.703654997484 59.34468511247

# edades 
 1 2 3 4 5 6 7 8 9 10 11 

# tallas 
 10 11 12 13 14 15 16 17 18 19 20 21 22 23 24 25 26 27 28 29 30 31 32 33 34 35 36 37 38 39 40 41 42 43 44 45 46 47 48 49 50 51 52 

# ETflom 
0 0 0 0 0 0 0 0 0 0 0 0 0 0 0 0 0 0 0 0 0 0 0 0 0 0 0 0 0 0 0 0 0 0 0 0 0 0 0 0 0 0 0
0 0 0 0 0 0 0 0 0 0 0 0 0 0 0 0 0 0 0 0 0 0 0 0 0 0 0 0 0 0 0 0 0 0 0 0 0 0 0 0 0 0 0
0 0 0 0 0 0 0 0 0.01 0.01 0.01 0.02 0.02 0.02 0.03 0.04 0.05 0.07 0.09 0.08 0.08 0.08 0.07 0.05 0.05 0.04 0.04 0.03 0.03 0.02 0.02 0.01 0.01 0.01 0.01 0 0 0 0 0 0 0 0
0 0 0 0 0 0 0 0 0 0 0 0 0 0 0 0 0 0 0 0 0 0 0 0 0 0 0 0 0 0 0 0 0 0 0 0 0 0 0 0 0 0 0
0 0 0 0 0 0 0 0 0 0 0 0 0 0 0 0 0 0 0 0 0 0 0 0 0 0 0 0 0 0 0 0 0 0 0 0 0 0 0 0 0 0 0
0 0 0 0 0 0 0 0 0 0 0 0 0 0 0 0 0 0 0 0 0 0 0 0 0 0 0 0 0 0 0 0 0 0 0 0 0 0 0 0 0 0 0
0 0 0 0 0 0 0 0 0 0 0 0 0 0 0 0 0 0 0 0 0 0 0 0 0 0 0 0 0 0 0 0 0 0 0 0 0 0 0 0 0 0 0
0 0 0 0 0 0 0 0 0.01 0.01 0.01 0.01 0.01 0.01 0.01 0.01 0.01 0.01 0.01 0.02 0.03 0.04 0.04 0.05 0.06 0.07 0.07 0.08 0.08 0.07 0.07 0.07 0.06 0.05 0.03 0.02 0.01 0 0 0 0 0 0
0 0 0 0 0 0 0 0 0 0 0 0 0 0 0 0 0 0 0 0 0 0 0 0 0 0 0 0 0 0 0 0 0 0 0 0 0 0 0 0 0 0 0
0 0 0 0 0 0 0 0 0 0 0 0 0 0 0 0 0 0 0 0 0 0 0 0 0 0 0 0 0 0 0 0 0 0 0 0 0 0 0 0 0 0 0
0 0 0 0 0 0 0 0 0 0 0 0 0 0 0 0 0 0 0 0 0 0 0 0 0 0 0 0 0 0 0 0 0 0 0 0 0 0 0 0 0 0 0
0 0 0 0 0 0 0 0 0 0 0 0 0 0 0 0 0 0 0 0 0 0 0 0 0 0 0 0 0 0 0 0 0 0 0 0 0 0 0 0 0 0 0
0 0 0 0 0 0 0 0 0 0 0 0 0 0 0 0 0 0 0 0 0 0 0 0 0 0 0 0 0 0 0 0 0 0 0 0 0 0 0 0 0 0 0
0 0 0 0 0 0 0 0 0 0 0 0 0 0 0 0 0 0 0 0 0 0 0 0 0 0 0 0 0 0 0 0 0 0 0 0 0 0 0 0 0 0 0
0 0 0 0 0 0 0 0 0 0 0 0 0 0 0 0 0 0 0 0 0 0 0 0 0 0 0 0 0 0 0 0 0 0 0 0 0 0 0 0 0 0 0
0 0 0 0 0 0 0 0 0 0 0 0.01 0.01 0.01 0.01 0.01 0.02 0.03 0.04 0.06 0.04 0.06 0.1 0.06 0.07 0.07 0.08 0.08 0.04 0.04 0.02 0.05 0.04 0.02 0.01 0.01 0 0 0 0 0 0 0
0 0 0 0 0 0 0 0 0.01 0 0.01 0.02 0.02 0.02 0.03 0.03 0.03 0.02 0.03 0.04 0.05 0.04 0.05 0.07 0.07 0.08 0.08 0.07 0.05 0.04 0.05 0.04 0.02 0.02 0.01 0 0 0 0 0 0 0 0
0 0 0 0 0 0 0 0 0 0 0 0 0.01 0.01 0.01 0.01 0.01 0.01 0.01 0.01 0.01 0.02 0.02 0.03 0.04 0.06 0.09 0.1 0.09 0.08 0.07 0.06 0.06 0.05 0.05 0.03 0.02 0.01 0 0 0 0 0
0 0 0 0 0 0 0 0 0 0 0 0 0 0 0 0 0 0 0 0 0.01 0.01 0.01 0.02 0.02 0.02 0.03 0.03 0.04 0.06 0.08 0.08 0.1 0.11 0.1 0.09 0.07 0.05 0.03 0.01 0 0 0
0 0 0 0 0 0 0 0 0 0 0 0 0 0 0 0 0 0.01 0.01 0.01 0.01 0.02 0.03 0.04 0.04 0.04 0.05 0.05 0.06 0.06 0.05 0.06 0.06 0.07 0.08 0.08 0.06 0.05 0.03 0.02 0 0 0
0 0 0 0 0 0 0 0 0 0 0 0 0 0 0 0.01 0.01 0.01 0.02 0.03 0.03 0.04 0.04 0.05 0.06 0.07 0.08 0.08 0.08 0.08 0.06 0.06 0.06 0.05 0.04 0.03 0.02 0.01 0 0 0 0 0
0 0 0 0 0 0 0 0 0 0 0 0 0 0 0 0 0 0 0 0 0 0 0 0 0 0 0 0 0 0 0 0 0 0 0 0 0 0 0 0 0 0 0
0 0 0 0 0 0 0 0 0 0 0 0 0 0 0 0 0 0 0 0 0 0 0 0 0 0 0 0 0 0 0 0 0 0 0 0 0 0 0 0 0 0 0
0 0 0 0 0 0 0 0 0 0 0 0 0 0 0 0 0 0 0 0 0 0 0 0 0 0 0 0 0 0 0 0 0 0 0 0 0 0 0 0 0 0 0
0 0 0 0 0 0 0 0 0 0 0 0 0 0 0 0 0 0.01 0.01 0.02 0.03 0.03 0.06 0.05 0.06 0.07 0.1 0.11 0.1 0.09 0.07 0.06 0.03 0.04 0.02 0.01 0.01 0.01 0.01 0 0 0 0
0 0 0 0 0 0 0 0 0 0 0 0 0 0 0 0 0 0.01 0.01 0.03 0.04 0.05 0.06 0.06 0.06 0.05 0.06 0.07 0.08 0.08 0.09 0.08 0.06 0.04 0.03 0.02 0.01 0 0 0 0 0 0
0 0 0 0 0 0 0 0 0 0 0 0 0 0 0 0 0 0 0.01 0.01 0.02 0.03 0.03 0.03 0.04 0.05 0.04 0.05 0.06 0.07 0.09 0.1 0.11 0.1 0.06 0.04 0.02 0.01 0.01 0 0 0 0
0 0 0 0 0 0 0 0 0 0 0 0 0 0 0 0 0 0 0 0 0.01 0.02 0.03 0.03 0.04 0.05 0.05 0.05 0.05 0.06 0.07 0.09 0.1 0.1 0.1 0.06 0.04 0.02 0.01 0 0 0 0
0 0 0 0 0 0 0 0 0 0 0 0 0 0 0 0 0 0 0 0.01 0.01 0.02 0.03 0.03 0.04 0.05 0.06 0.06 0.08 0.08 0.1 0.1 0.1 0.08 0.06 0.04 0.02 0.02 0.01 0 0 0 0
0 0 0 0 0 0 0 0 0 0 0 0 0 0 0 0 0 0 0 0.01 0.01 0.02 0.03 0.04 0.05 0.06 0.06 0.07 0.07 0.08 0.08 0.09 0.09 0.08 0.07 0.04 0.02 0.01 0.01 0 0 0 0
0 0 0 0 0 0 0 0 0 0 0 0 0 0 0 0 0 0.01 0.01 0.01 0.02 0.03 0.04 0.04 0.05 0.06 0.06 0.06 0.07 0.07 0.08 0.09 0.09 0.08 0.06 0.03 0.02 0.01 0 0 0 0 0
0 0 0 0 0 0 0 0 0 0 0 0 0 0 0 0 0 0 0 0 0.01 0.01 0.01 0.02 0.02 0.03 0.04 0.05 0.05 0.07 0.11 0.12 0.14 0.12 0.09 0.05 0.02 0.01 0 0 0 0 0
0 0 0 0 0 0 0 0 0 0 0 0 0 0 0 0 0 0 0.01 0.01 0.02 0.03 0.03 0.04 0.05 0.06 0.06 0.06 0.06 0.06 0.07 0.08 0.09 0.09 0.07 0.05 0.02 0.01 0 0 0 0 0
0 0 0 0 0 0 0 0 0 0 0 0 0 0 0 0 0 0 0 0.01 0.01 0.02 0.02 0.03 0.04 0.05 0.06 0.07 0.09 0.08 0.08 0.08 0.09 0.08 0.08 0.05 0.03 0.01 0 0 0 0 0
0 0 0 0 0 0 0 0 0 0 0 0 0 0 0 0 0 0 0.01 0.01 0.02 0.02 0.04 0.05 0.05 0.06 0.06 0.07 0.07 0.07 0.08 0.08 0.08 0.07 0.06 0.05 0.02 0.02 0.01 0 0 0 0
0 0 0 0 0 0 0 0 0 0 0 0 0 0 0 0 0 0.01 0.01 0.01 0.02 0.02 0.03 0.04 0.03 0.04 0.04 0.05 0.05 0.07 0.07 0.07 0.08 0.1 0.09 0.07 0.03 0.02 0.01 0 0 0 0
0 0 0 0 0 0 0 0 0 0 0 0 0 0 0 0 0 0 0.01 0.01 0.01 0.02 0.02 0.02 0.02 0.03 0.04 0.04 0.05 0.06 0.08 0.09 0.1 0.11 0.1 0.08 0.06 0.03 0.02 0.01 0 0 0
0 0 0 0 0 0 0 0 0 0 0 0 0 0 0 0 0 0 0.001 0.005 0.012 0.017 0.032 0.043 0.059 0.053 0.068 0.066 0.066 0.055 0.058 0.048 0.047 0.065 0.085 0.08 0.068 0.037 0.02 0.011 0.005 0.002 0.001
0 0 0 0 0 0 0 0 0 0 0 0 0 0 0.001 0.001 0.001 0.002 0.003 0.006 0.013 0.021 0.031 0.042 0.042 0.051 0.047 0.048 0.055 0.057 0.062 0.056 0.061 0.065 0.067 0.062 0.064 0.054 0.04 0.025 0.009 0.006 0.002
0 0 0 0 0 0 0 0 0 0 0 1e-04 0 6e-05 6e-05 0.00023 0.00099 0.00109 0.00201 0.00343 0.00811 0.01417 0.02105 0.02873 0.03611 0.047 0.05206 0.05355 0.06447 0.06326 0.06461 0.06832 0.06737 0.07535 0.07578 0.07304 0.06676 0.04982 0.03188 0.018 0.00887 0.00254 0.00127
0 0 0 0 0 0 0 0 0 0.00025024 0 0 0 1.907e-05 0.00057192 0.00112904 0.00172497 0.00252369 0.00400115 0.00547663 0.00971667 0.01385553 0.01824464 0.02066613 0.03131342 0.03567981 0.0429301 0.04238796 0.05247698 0.05286353 0.0603201 0.06730329 0.07137982 0.07187347 0.07389111 0.07786586 0.0731257 0.05826323 0.04522226 0.0289058 0.01622816 0.00971339 0.00552736

# ETfloh 
0 0 0 0 0 0 0 0 0 0 0 0 0 0 0 0 0 0 0 0 0 0 0 0 0 0 0 0 0 0 0 0 0 0 0 0 0 0 0 0 0 0 0
0 0 0 0 0 0 0 0 0 0 0 0 0 0 0 0 0 0 0 0 0 0 0 0 0 0 0 0 0 0 0 0 0 0 0 0 0 0 0 0 0 0 0
0 0 0 0 0 0 0 0.01 0.01 0.02 0.03 0.03 0.04 0.04 0.07 0.09 0.12 0.12 0.11 0.08 0.07 0.04 0.04 0.02 0.02 0.01 0.01 0.01 0.01 0 0 0 0 0 0 0 0 0 0 0 0 0 0
0 0 0 0 0 0 0 0 0 0 0 0 0 0 0 0 0 0 0 0 0 0 0 0 0 0 0 0 0 0 0 0 0 0 0 0 0 0 0 0 0 0 0
0 0 0 0 0 0 0 0 0 0 0 0 0 0 0 0 0 0 0 0 0 0 0 0 0 0 0 0 0 0 0 0 0 0 0 0 0 0 0 0 0 0 0
0 0 0 0 0 0 0 0 0 0 0 0 0 0 0 0 0 0 0 0 0 0 0 0 0 0 0 0 0 0 0 0 0 0 0 0 0 0 0 0 0 0 0
0 0 0 0 0 0 0 0 0 0 0 0 0 0 0 0 0 0 0 0 0 0 0 0 0 0 0 0 0 0 0 0 0 0 0 0 0 0 0 0 0 0 0
0 0 0 0 0.01 0 0 0.02 0.07 0.05 0.06 0.08 0.05 0.13 0.1 0.11 0.06 0.07 0.04 0.03 0.03 0.02 0.02 0.01 0.02 0.02 0 0.01 0 0 0 0 0 0 0 0 0 0 0 0 0 0 0
0 0 0 0 0 0 0 0 0 0 0 0 0 0 0 0 0 0 0 0 0 0 0 0 0 0 0 0 0 0 0 0 0 0 0 0 0 0 0 0 0 0 0
0 0 0 0 0 0 0 0 0 0 0 0 0 0 0 0 0 0 0 0 0 0 0 0 0 0 0 0 0 0 0 0 0 0 0 0 0 0 0 0 0 0 0
0 0 0 0 0 0 0 0 0 0 0 0 0 0 0 0 0 0 0 0 0 0 0 0 0 0 0 0 0 0 0 0 0 0 0 0 0 0 0 0 0 0 0
0 0 0 0 0 0 0 0 0 0 0 0 0 0 0 0 0 0 0 0 0 0 0 0 0 0 0 0 0 0 0 0 0 0 0 0 0 0 0 0 0 0 0
0 0 0 0 0 0 0 0 0 0 0 0 0 0 0 0 0 0 0 0 0 0 0 0 0 0 0 0 0 0 0 0 0 0 0 0 0 0 0 0 0 0 0
0 0 0 0 0 0 0 0 0 0 0 0 0 0 0 0 0 0 0 0 0 0 0 0 0 0 0 0 0 0 0 0 0 0 0 0 0 0 0 0 0 0 0
0 0 0 0 0 0 0 0 0 0 0 0 0 0 0 0 0 0 0 0 0 0 0 0 0 0 0 0 0 0 0 0 0 0 0 0 0 0 0 0 0 0 0
0 0 0 0 0 0 0 0 0 0 0 0.01 0.02 0.03 0.03 0.05 0.06 0.06 0.05 0.06 0.08 0.09 0.11 0.09 0.05 0.05 0.06 0.04 0.02 0.01 0.01 0 0 0 0 0 0 0 0 0 0 0 0
0 0 0 0 0 0 0 0 0.01 0.01 0.03 0.04 0.03 0.04 0.03 0.05 0.05 0.04 0.05 0.05 0.06 0.08 0.07 0.06 0.09 0.06 0.06 0.05 0.03 0.01 0.01 0 0 0 0 0 0 0 0 0 0 0 0
0 0 0 0 0 0 0 0 0 0 0.01 0.01 0.02 0.03 0.02 0.02 0.02 0.02 0.02 0.02 0.04 0.04 0.06 0.07 0.08 0.08 0.08 0.09 0.09 0.07 0.05 0.03 0.01 0.01 0 0 0 0 0 0 0 0 0
0 0 0 0 0 0 0 0 0 0 0 0 0 0 0 0 0 0.01 0.01 0.02 0.04 0.05 0.07 0.1 0.11 0.12 0.11 0.09 0.08 0.07 0.05 0.03 0.01 0.01 0 0 0 0 0 0 0 0 0
0 0 0 0 0 0 0 0 0 0 0 0 0 0 0 0 0.01 0.01 0.01 0.02 0.03 0.05 0.05 0.07 0.08 0.08 0.09 0.1 0.12 0.09 0.08 0.04 0.03 0.01 0.01 0 0 0 0 0 0 0 0
0 0 0 0 0 0 0 0 0 0 0 0 0 0 0.01 0.01 0.03 0.04 0.04 0.06 0.09 0.13 0.13 0.07 0.08 0.06 0.05 0.05 0.04 0.04 0.03 0.02 0.01 0.01 0.01 0 0 0 0 0 0 0 0
0 0 0 0 0 0 0 0 0 0 0 0 0 0 0 0 0 0 0 0 0 0 0 0 0 0 0 0 0 0 0 0 0 0 0 0 0 0 0 0 0 0 0
0 0 0 0 0 0 0 0 0 0 0 0 0 0 0 0 0 0 0 0 0 0 0 0 0 0 0 0 0 0 0 0 0 0 0 0 0 0 0 0 0 0 0
0 0 0 0 0 0 0 0 0 0 0 0 0 0 0 0 0 0 0 0 0 0 0 0 0 0 0 0 0 0 0 0 0 0 0 0 0 0 0 0 0 0 0
0 0 0 0 0 0 0 0 0 0 0 0 0 0 0 0.01 0.03 0.05 0.06 0.11 0.09 0.11 0.11 0.08 0.08 0.08 0.06 0.04 0.02 0.02 0.01 0.01 0.01 0 0 0 0 0 0 0 0 0 0
0 0 0 0 0 0 0 0 0 0 0 0 0 0 0 0 0.01 0.02 0.03 0.06 0.1 0.12 0.12 0.12 0.11 0.09 0.07 0.04 0.03 0.02 0.02 0.01 0.01 0.01 0 0 0 0 0 0 0 0 0
0 0 0 0 0 0 0 0 0 0 0 0 0 0 0 0 0.01 0.01 0.02 0.03 0.05 0.08 0.11 0.11 0.12 0.11 0.11 0.1 0.05 0.03 0.02 0.01 0.01 0 0 0 0 0 0 0 0 0 0
0 0 0 0 0 0 0 0 0 0 0 0 0 0 0 0 0 0.01 0.01 0.03 0.05 0.06 0.09 0.09 0.1 0.09 0.08 0.08 0.05 0.04 0.05 0.03 0.05 0.03 0.03 0.01 0.01 0 0 0 0 0 0
0 0 0 0 0 0 0 0 0 0 0 0 0 0 0 0.01 0.01 0.01 0.02 0.03 0.04 0.06 0.08 0.09 0.11 0.13 0.11 0.09 0.07 0.05 0.04 0.02 0.01 0.01 0.01 0 0 0 0 0 0 0 0
0 0 0 0 0 0 0 0 0 0 0 0 0 0 0 0 0.01 0.01 0.02 0.03 0.05 0.07 0.1 0.13 0.13 0.12 0.11 0.08 0.05 0.04 0.02 0.01 0 0.01 0 0 0 0 0 0 0 0 0
0 0 0 0 0 0 0 0 0 0 0 0 0 0 0 0 0.01 0.01 0.03 0.04 0.07 0.08 0.1 0.11 0.11 0.12 0.1 0.08 0.05 0.03 0.02 0.01 0.01 0 0 0 0 0 0 0 0 0 0
0 0 0 0 0 0 0 0 0 0 0 0 0 0 0 0 0.01 0.01 0.02 0.02 0.04 0.07 0.09 0.13 0.14 0.14 0.11 0.08 0.05 0.03 0.02 0.01 0 0 0 0 0 0 0 0 0 0 0
0 0 0 0 0 0 0 0 0 0 0 0 0 0 0 0.01 0.03 0.03 0.09 0.05 0.07 0.07 0.07 0.1 0.09 0.09 0.09 0.07 0.05 0.03 0.02 0.01 0 0 0 0 0 0 0 0 0 0 0
0 0 0 0 0 0 0 0 0 0 0 0 0 0 0 0 0 0.01 0.01 0.03 0.04 0.07 0.1 0.11 0.13 0.12 0.12 0.11 0.07 0.04 0.02 0.01 0.01 0 0 0 0 0 0 0 0 0 0
0 0 0 0 0 0 0 0 0 0 0 0 0 0 0 0 0.01 0.01 0.02 0.04 0.07 0.08 0.11 0.11 0.11 0.11 0.1 0.09 0.06 0.04 0.02 0.01 0 0 0 0 0 0 0 0 0 0 0
0 0 0 0 0 0 0 0 0 0 0 0 0.01 0 0 0 0.01 0.01 0.02 0.04 0.06 0.07 0.1 0.11 0.11 0.13 0.13 0.09 0.06 0.03 0.02 0.01 0 0 0 0 0 0 0 0 0 0 0
0 0 0 0 0 0 0 0 0 0 0 0 0 0 0 0 0.01 0.01 0.03 0.04 0.05 0.08 0.1 0.1 0.11 0.1 0.1 0.09 0.06 0.04 0.03 0.01 0.01 0.01 0 0.01 0 0 0 0 0 0 0
0 0 0 0 0 0 0 0 0 0 0 0 0 0 0 0 0.006 0.005 0.013 0.024 0.079 0.103 0.13 0.191 0.145 0.08 0.076 0.065 0.034 0.027 0.01 0.006 0.008 0 0 0 0 0 0 0 0 0 0
0 0 0 0 0 0 0 0 0 0 0 0 0.001 0.003 0.005 0.008 0.009 0.015 0.033 0.064 0.095 0.096 0.091 0.08 0.081 0.072 0.079 0.069 0.067 0.049 0.039 0.024 0.01 0.004 0.003 0 0.001 0 0 0.001 0 0 0
0 0 0 0 0 0 0 0 0 0 0 0 3e-05 0.00085 0.00068 0.00233 0.00127 0.00573 0.01505 0.03398 0.05973 0.08666 0.1024 0.10369 0.09191 0.09177 0.06466 0.07164 0.05932 0.06316 0.05248 0.0374 0.01977 0.02385 0.00963 0.00125 0.00031 0.00015 0.00015 9e-05 6e-05 0 0
0 0 0 0 0 0 0 0 0 0 0 9.621e-05 0.0001418 8.173e-05 0.00112813 0.00208358 0.00395896 0.00773875 0.01562078 0.02887104 0.04941896 0.07057083 0.09637692 0.09508959 0.11308012 0.11758731 0.09190115 0.08695708 0.06949808 0.05059444 0.04266517 0.02708887 0.0138757 0.01052863 0.00209249 0.00074037 0.000581 0.0005219 0.00109823 0 0 0 0

# ETcrum 
0 0 0 0 0 0 0 0 0 0 0 0 0 0 0 0 0 0 0 0 0 0 0 0 0 0 0 0 0 0 0 0 0 0 0 0 0 0 0 0 0 0 0
0 0 0 0 0 0 0 0 0 0 0 0 0 0 0 0 0 0 0 0 0 0 0 0 0 0 0 0 0 0 0 0 0 0 0 0 0 0 0 0 0 0 0
0 0 0 0 0 0 0 0 0 0 0 0 0 0 0 0 0 0 0 0 0 0 0 0 0 0 0 0 0 0 0 0 0 0 0 0 0 0 0 0 0 0 0
0 0 0 0 0 0 0 0 0 0 0 0 0 0 0 0 0 0 0 0 0 0 0 0 0 0 0 0 0 0 0 0 0 0 0 0 0 0 0 0 0 0 0
0 0 0 0 0 0 0 0 0 0 0 0 0 0 0 0 0 0 0 0 0 0 0 0 0 0 0 0 0 0 0 0 0 0 0 0 0 0 0 0 0 0 0
0 0 0 0 0 0 0 0 0 0 0 0 0 0 0 0 0 0 0 0 0 0 0 0 0 0 0 0 0 0 0 0 0 0 0 0 0 0 0 0 0 0 0
0 0 0 0 0 0 0 0 0 0 0 0 0 0 0 0 0 0 0 0 0 0 0 0 0 0 0 0 0 0 0 0 0 0 0 0 0 0 0 0 0 0 0
0 0 0 0 0 0 0 0 0 0 0 0 0 0 0 0 0 0 0 0 0 0 0 0 0 0 0 0 0 0 0 0 0 0 0 0 0 0 0 0 0 0 0
0 0 0 0 0 0 0 0 0 0 0 0 0 0 0 0 0 0 0 0 0 0 0 0 0 0 0 0 0 0 0 0 0 0 0 0 0 0 0 0 0 0 0
0 0 0 0 0 0 0 0 0 0 0 0 0 0 0 0 0 0 0 0 0 0 0 0 0 0 0 0 0 0 0 0 0 0 0 0 0 0 0 0 0 0 0
0 0 0 0 0 0 0 0 0 0 0 0 0 0 0 0 0 0 0 0 0 0 0 0 0 0 0 0 0 0 0 0 0 0 0 0 0 0 0 0 0 0 0
0 0 0 0 0 0 0 0 0 0 0 0 0 0 0 0 0 0 0 0 0 0 0 0 0 0 0 0 0 0 0 0 0 0 0 0 0 0 0 0 0 0 0
0 0 0 0 0 0 0 0 0 0 0 0 0 0 0 0 0 0 0 0 0 0 0 0 0 0 0 0 0 0 0 0 0 0 0 0 0 0 0 0 0 0 0
0 0 0 0 0 0 0 0 0 0 0 0 0 0 0 0 0 0 0 0 0 0 0 0 0 0 0 0 0 0 0 0 0 0 0 0 0 0 0 0 0 0 0
0 0 0 0 0 0 0 0 0 0 0 0 0 0 0 0 0 0 0 0 0 0 0 0 0 0 0 0 0 0 0 0 0 0 0 0 0 0 0 0 0 0 0
0 0 0 0 0 0 0 0 0 0 0 0 0 0 0 0 0 0 0 0 0 0 0 0 0 0 0 0 0 0 0 0 0 0 0 0 0 0 0 0 0 0 0
0 0 0 0 0 0 0 0 0 0 0 0 0 0 0 0 0 0 0 0 0 0 0 0 0 0 0 0 0 0 0 0 0 0 0 0 0 0 0 0 0 0 0
0 0 0 0 0 0 0 0 0 0 0 0 0 0 0 0 0 0 0 0 0 0 0 0 0 0 0 0 0 0 0 0 0 0 0 0 0 0 0 0 0 0 0
0 0 0 0 0 0 0 0 0 0 0 0 0 0 0 0 0 0 0 0 0 0 0 0 0 0 0 0 0 0 0 0 0 0 0 0 0 0 0 0 0 0 0
0 0 0 0 0 0 0 0 0 0 0 0 0 0 0 0 0 0 0 0 0 0 0 0 0 0 0 0 0 0 0 0 0 0 0 0 0 0 0 0 0 0 0
0 0 0 0 0 0 0 0 0 0 0.01 0.02 0.04 0.04 0.07 0.08 0.08 0.09 0.08 0.07 0.06 0.04 0.06 0.05 0.04 0.03 0.03 0.02 0.02 0.02 0.01 0.01 0.01 0.01 0 0.01 0.01 0 0 0 0 0 0
0 0 0 0 0 0.01 0.02 0.03 0.04 0.04 0.05 0.05 0.06 0.05 0.05 0.04 0.04 0.04 0.04 0.03 0.04 0.03 0.03 0.04 0.03 0.02 0.02 0.02 0.02 0.02 0.03 0.02 0.02 0.02 0.02 0.01 0.01 0 0 0 0 0 0
0 0 0 0 0 0 0 0 0.01 0.01 0.02 0.04 0.04 0.05 0.06 0.07 0.08 0.05 0.05 0.05 0.05 0.04 0.04 0.04 0.04 0.03 0.03 0.03 0.03 0.03 0.03 0.02 0.02 0.01 0.01 0.01 0.01 0 0.01 0 0 0 0
0 0 0 0 0 0 0 0 0 0 0.01 0.02 0.03 0.03 0.04 0.07 0.09 0.08 0.08 0.07 0.06 0.05 0.05 0.04 0.04 0.04 0.03 0.03 0.03 0.03 0.02 0.01 0.01 0.01 0.01 0 0 0 0 0 0 0 0
0 0 0 0 0 0 0 0.02 0.02 0.02 0.02 0.02 0.03 0.03 0.04 0.04 0.04 0.05 0.04 0.04 0.04 0.05 0.06 0.05 0.06 0.04 0.04 0.04 0.04 0.03 0.03 0.01 0.02 0.01 0.01 0.01 0.01 0 0 0 0 0 0
0 0 0 0 0 0 0 0 0 0 0 0 0.01 0.01 0.01 0.02 0.03 0.03 0.03 0.03 0.05 0.05 0.05 0.05 0.06 0.07 0.08 0.07 0.06 0.06 0.07 0.06 0.04 0.03 0.02 0.01 0.01 0 0 0 0 0 0
0 0 0 0 0 0 0 0 0 0 0 0 0 0 0 0 0.01 0.01 0.01 0.01 0.03 0.04 0.05 0.04 0.06 0.06 0.08 0.08 0.07 0.07 0.08 0.07 0.07 0.05 0.03 0.02 0.01 0.01 0 0 0 0 0
0 0 0 0 0 0 0 0 0 0 0 0 0 0 0.01 0.01 0.02 0.03 0.03 0.04 0.04 0.05 0.06 0.06 0.06 0.07 0.06 0.07 0.05 0.06 0.06 0.05 0.05 0.04 0.04 0.02 0.01 0 0 0 0 0 0
0 0 0 0 0 0 0 0 0 0 0 0 0 0 0 0.01 0.01 0.01 0.02 0.02 0.02 0.03 0.04 0.04 0.05 0.06 0.07 0.08 0.08 0.07 0.08 0.08 0.07 0.06 0.04 0.03 0.01 0.01 0 0 0 0 0
0 0 0 0 0 0 0 0 0 0 0 0 0 0 0 0 0 0.01 0.02 0.02 0.03 0.04 0.04 0.04 0.04 0.05 0.05 0.05 0.06 0.06 0.08 0.08 0.09 0.08 0.06 0.04 0.02 0.01 0.01 0 0 0 0
0 0 0 0 0 0 0 0 0 0 0 0 0 0 0 0 0 0.01 0.01 0.02 0.03 0.03 0.04 0.04 0.05 0.05 0.07 0.07 0.07 0.07 0.09 0.08 0.08 0.07 0.05 0.03 0.02 0.01 0.01 0 0 0 0
0 0 0 0 0 0 0 0 0 0 0 0 0 0 0 0 0 0 0 0 0 0 0 0 0 0 0 0 0 0 0 0 0 0 0 0 0 0 0 0 0 0 0
0 0 0 0 0 0 0 0 0 0 0 0 0 0 0 0 0 0.01 0.02 0.03 0.04 0.06 0.05 0.06 0.06 0.06 0.05 0.06 0.06 0.06 0.06 0.06 0.07 0.06 0.05 0.03 0.02 0.01 0 0 0 0 0
0 0 0 0 0 0 0 0 0 0 0 0 0 0 0 0 0 0.01 0.01 0.02 0.02 0.03 0.04 0.04 0.05 0.06 0.05 0.06 0.06 0.06 0.07 0.07 0.09 0.1 0.07 0.04 0.02 0.01 0 0 0 0 0
0 0 0 0 0 0 0 0 0 0 0 0 0 0 0 0 0.01 0.01 0.02 0.02 0.03 0.04 0.05 0.05 0.06 0.05 0.06 0.06 0.06 0.06 0.05 0.05 0.06 0.06 0.07 0.05 0.03 0.02 0.01 0 0 0 0
0 0 0 0 0 0 0 0 0 0 0 0 0 0 0 0 0 0 0.01 0.01 0.01 0.02 0.03 0.04 0.03 0.04 0.04 0.05 0.05 0.06 0.06 0.07 0.08 0.08 0.07 0.08 0.06 0.04 0.02 0.02 0.02 0 0
0 0 0 0 0 0 0 0 0 0 0 0 0 0 0 0 0.01 0.01 0.01 0.01 0.01 0.02 0.02 0.03 0.05 0.04 0.05 0.05 0.05 0.06 0.07 0.07 0.07 0.08 0.07 0.07 0.05 0.04 0.03 0.01 0.01 0 0
0 0 0 0 0 0 0 0 0 0 0.001 0 0.002 0.002 0.003 0.005 0.004 0.008 0.014 0.019 0.031 0.031 0.03 0.037 0.038 0.041 0.05 0.05 0.056 0.05 0.06 0.064 0.062 0.063 0.059 0.063 0.053 0.045 0.03 0.016 0.007 0.004 0.002
0 0 0 0 0 0 0 0.001 0 0.002 0.004 0.005 0.003 0.004 0.006 0.009 0.01 0.014 0.016 0.016 0.014 0.025 0.035 0.038 0.047 0.06 0.058 0.055 0.062 0.053 0.055 0.046 0.048 0.047 0.06 0.053 0.046 0.039 0.032 0.017 0.011 0.006 0.003
0 0 0 0 0 0 0 0 0 0 0 0.000321473 0.000396755 0.00058243 0.000606602 0.00108695 0.003405913 0.006639362 0.00970534 0.013735299 0.021436761 0.028920378 0.036712865 0.042522582 0.050120756 0.057983708 0.073954269 0.071430554 0.077816987 0.077379319 0.074088893 0.061724501 0.046833265 0.046809822 0.039665248 0.032811521 0.034396276 0.027289408 0.024906158 0.016199054 0.010968899 0.004379787 0.002236691
0 0 0 0 0 0 0 0 0 0 0 0 0 0 0 0 0 0 0 0 0 0 0 0 0 0 0 0 0 0 0 0 0 0 0 0 0 0 0 0 0 0 0

# ETcruh 
0 0 0 0 0 0 0 0 0 0 0 0 0 0 0 0 0 0 0 0 0 0 0 0 0 0 0 0 0 0 0 0 0 0 0 0 0 0 0 0 0 0 0
0 0 0 0 0 0 0 0 0 0 0 0 0 0 0 0 0 0 0 0 0 0 0 0 0 0 0 0 0 0 0 0 0 0 0 0 0 0 0 0 0 0 0
0 0 0 0 0 0 0 0 0 0 0 0 0 0 0 0 0 0 0 0 0 0 0 0 0 0 0 0 0 0 0 0 0 0 0 0 0 0 0 0 0 0 0
0 0 0 0 0 0 0 0 0 0 0 0 0 0 0 0 0 0 0 0 0 0 0 0 0 0 0 0 0 0 0 0 0 0 0 0 0 0 0 0 0 0 0
0 0 0 0 0 0 0 0 0 0 0 0 0 0 0 0 0 0 0 0 0 0 0 0 0 0 0 0 0 0 0 0 0 0 0 0 0 0 0 0 0 0 0
0 0 0 0 0 0 0 0 0 0 0 0 0 0 0 0 0 0 0 0 0 0 0 0 0 0 0 0 0 0 0 0 0 0 0 0 0 0 0 0 0 0 0
0 0 0 0 0 0 0 0 0 0 0 0 0 0 0 0 0 0 0 0 0 0 0 0 0 0 0 0 0 0 0 0 0 0 0 0 0 0 0 0 0 0 0
0 0 0 0 0 0 0 0 0 0 0 0 0 0 0 0 0 0 0 0 0 0 0 0 0 0 0 0 0 0 0 0 0 0 0 0 0 0 0 0 0 0 0
0 0 0 0 0 0 0 0 0 0 0 0 0 0 0 0 0 0 0 0 0 0 0 0 0 0 0 0 0 0 0 0 0 0 0 0 0 0 0 0 0 0 0
0 0 0 0 0 0 0 0 0 0 0 0 0 0 0 0 0 0 0 0 0 0 0 0 0 0 0 0 0 0 0 0 0 0 0 0 0 0 0 0 0 0 0
0 0 0 0 0 0 0 0 0 0 0 0 0 0 0 0 0 0 0 0 0 0 0 0 0 0 0 0 0 0 0 0 0 0 0 0 0 0 0 0 0 0 0
0 0 0 0 0 0 0 0 0 0 0 0 0 0 0 0 0 0 0 0 0 0 0 0 0 0 0 0 0 0 0 0 0 0 0 0 0 0 0 0 0 0 0
0 0 0 0 0 0 0 0 0 0 0 0 0 0 0 0 0 0 0 0 0 0 0 0 0 0 0 0 0 0 0 0 0 0 0 0 0 0 0 0 0 0 0
0 0 0 0 0 0 0 0 0 0 0 0 0 0 0 0 0 0 0 0 0 0 0 0 0 0 0 0 0 0 0 0 0 0 0 0 0 0 0 0 0 0 0
0 0 0 0 0 0 0 0 0 0 0 0 0 0 0 0 0 0 0 0 0 0 0 0 0 0 0 0 0 0 0 0 0 0 0 0 0 0 0 0 0 0 0
0 0 0 0 0 0 0 0 0 0 0 0 0 0 0 0 0 0 0 0 0 0 0 0 0 0 0 0 0 0 0 0 0 0 0 0 0 0 0 0 0 0 0
0 0 0 0 0 0 0 0 0 0 0 0 0 0 0 0 0 0 0 0 0 0 0 0 0 0 0 0 0 0 0 0 0 0 0 0 0 0 0 0 0 0 0
0 0 0 0 0 0 0 0 0 0 0 0 0 0 0 0 0 0 0 0 0 0 0 0 0 0 0 0 0 0 0 0 0 0 0 0 0 0 0 0 0 0 0
0 0 0 0 0 0 0 0 0 0 0 0 0 0 0 0 0 0 0 0 0 0 0 0 0 0 0 0 0 0 0 0 0 0 0 0 0 0 0 0 0 0 0
0 0 0 0 0 0 0 0 0 0 0 0 0 0 0 0 0 0 0 0 0 0 0 0 0 0 0 0 0 0 0 0 0 0 0 0 0 0 0 0 0 0 0
0 0 0 0 0 0 0 0 0.01 0.01 0.02 0.02 0.04 0.07 0.1 0.14 0.17 0.14 0.1 0.05 0.03 0.01 0.01 0.01 0.01 0.01 0 0 0 0 0 0 0 0 0 0 0 0 0 0 0 0 0
0 0 0 0 0 0 0.01 0.01 0.03 0.03 0.05 0.05 0.05 0.06 0.05 0.06 0.07 0.06 0.07 0.07 0.06 0.05 0.05 0.04 0.03 0.03 0.02 0.02 0.01 0.01 0.01 0 0 0 0 0 0 0 0 0 0 0 0
0 0 0 0 0 0 0 0 0.01 0.02 0.05 0.08 0.09 0.1 0.08 0.08 0.1 0.06 0.05 0.03 0.04 0.02 0.03 0.03 0.02 0.02 0.02 0.02 0 0.01 0.01 0.01 0 0.01 0.01 0 0 0 0 0 0 0 0
0 0 0 0 0 0 0 0 0 0 0.01 0.02 0.04 0.05 0.08 0.11 0.14 0.14 0.13 0.08 0.06 0.04 0.03 0.02 0.02 0.01 0.01 0 0 0 0 0 0 0 0 0 0 0 0 0 0 0 0
0 0 0 0 0 0 0 0 0 0 0.01 0.03 0.04 0.06 0.09 0.07 0.07 0.07 0.08 0.07 0.06 0.07 0.07 0.05 0.05 0.03 0.03 0.01 0.01 0.01 0 0 0 0 0 0 0 0 0 0 0 0 0
0 0 0 0 0 0 0 0 0 0 0 0 0.01 0.01 0.02 0.03 0.04 0.05 0.07 0.08 0.12 0.12 0.1 0.07 0.07 0.05 0.04 0.02 0.02 0.01 0.01 0.01 0.01 0 0 0 0 0 0 0 0 0 0
0 0 0 0 0 0 0 0 0 0 0 0 0 0.01 0.01 0.01 0.02 0.02 0.03 0.04 0.09 0.12 0.13 0.12 0.11 0.08 0.06 0.04 0.03 0.02 0.02 0.01 0.01 0 0 0 0 0 0 0 0 0 0
0 0 0 0 0 0 0 0 0 0 0 0 0 0 0 0.01 0.02 0.03 0.05 0.07 0.1 0.11 0.13 0.11 0.11 0.08 0.05 0.04 0.02 0.02 0.01 0.01 0.01 0 0 0 0 0 0 0 0 0 0
0 0 0 0 0 0 0 0 0 0 0 0 0 0 0.01 0.01 0.02 0.04 0.04 0.06 0.07 0.08 0.11 0.11 0.11 0.1 0.08 0.06 0.03 0.02 0.01 0.01 0 0 0 0 0 0 0 0 0 0 0
0 0 0 0 0 0 0 0 0 0 0 0 0 0 0 0.01 0.01 0.02 0.03 0.05 0.09 0.1 0.13 0.14 0.14 0.1 0.08 0.05 0.03 0.01 0.01 0 0 0 0 0 0 0 0 0 0 0 0
0 0 0 0 0 0 0 0 0 0 0 0 0 0 0.01 0.01 0.01 0.02 0.03 0.07 0.1 0.1 0.12 0.11 0.13 0.09 0.09 0.05 0.03 0.02 0.01 0 0 0 0 0 0 0 0 0 0 0 0
0 0 0 0 0 0 0 0 0 0 0 0 0 0 0 0 0 0 0 0 0 0 0 0 0 0 0 0 0 0 0 0 0 0 0 0 0 0 0 0 0 0 0
0 0 0 0 0 0 0 0 0 0 0 0 0 0 0 0 0.01 0.01 0.02 0.04 0.07 0.1 0.11 0.11 0.13 0.12 0.1 0.08 0.05 0.02 0.01 0.01 0 0 0 0 0 0 0 0 0 0 0
0 0 0 0 0 0 0 0 0 0 0 0 0 0 0 0.01 0.01 0.02 0.03 0.05 0.07 0.1 0.14 0.15 0.12 0.11 0.07 0.06 0.03 0.02 0.01 0 0 0 0 0 0 0 0 0 0 0 0
0 0 0 0 0 0 0 0 0 0 0 0 0 0 0 0 0.01 0.01 0.03 0.04 0.08 0.08 0.1 0.12 0.13 0.13 0.11 0.07 0.04 0.03 0.01 0.01 0.01 0 0 0 0 0 0 0 0 0 0
0 0 0 0 0 0 0 0 0 0 0 0 0 0 0 0 0.01 0.01 0.02 0.03 0.05 0.06 0.09 0.1 0.12 0.12 0.11 0.1 0.06 0.05 0.02 0.02 0.01 0 0 0 0 0 0 0 0 0 0
0 0 0 0 0 0 0 0 0 0 0 0 0 0 0 0.01 0.01 0.02 0.04 0.05 0.05 0.06 0.07 0.08 0.1 0.1 0.1 0.1 0.08 0.05 0.04 0.01 0.01 0 0 0 0 0 0 0 0 0 0
0 0 0 0 0 0 0 0 0 0 0.002 0.001 0.003 0.003 0.008 0.01 0.023 0.044 0.045 0.07 0.082 0.076 0.077 0.082 0.073 0.079 0.082 0.069 0.065 0.046 0.029 0.016 0.008 0.004 0.001 0 0.001 0 0 0 0 0 0
0 0 0 0 0 0 0 0 0 0 0.001 0.002 0.003 0.006 0.01 0.012 0.015 0.022 0.033 0.039 0.068 0.078 0.08 0.089 0.085 0.081 0.085 0.082 0.076 0.055 0.037 0.026 0.009 0.003 0.002 0.001 0 0.001 0 0 0 0 0
0 0 0 0 0 0 0 0 0 8.288e-05 8.288e-05 0.000417967 0.000165756 0.000209369 0.002607456 0.006463496 0.008295737 0.01882673 0.041085735 0.057819816 0.093449361 0.126900793 0.139584243 0.119420486 0.092755944 0.067563052 0.055343569 0.038776634 0.029615134 0.031349818 0.026765634 0.021643585 0.009405145 0.006746134 0.002373984 0.00123013 0.000226214 0.000454313 0 0.000338008 0 0 0
0 0 0 0 0 0 0 0 0 0 0 0 0 0 0 0 0 0 0 0 0 0 0 0 0 0 0 0 0 0 0 0 0 0 0 0 0 0 0 0 0 0 0

# Msex 
 0.03 0.04 0.05 0.06 0.07 0.09 0.11 0.13 0.16 0.19 0.23 0.27 0.31 0.36 0.41 0.47 0.52 0.57 0.63 0.68 0.72 0.76 0.8 0.83 0.86 0.88 0.91 0.92 0.94 0.95 0.96 0.97 0.97 0.98 0.98 0.99 0.99 0.99 0.99 0.99 1 1 1 

# Wt_m 
 0.666 0.897 1.178 1.513 1.907 2.366 2.895 3.499 4.184 4.954 5.816 6.774 7.835 9.003 10.284 11.684 13.208 14.862 16.652 18.582 20.66 22.89 25.278 27.831 30.553 33.451 36.531 39.798 43.258 46.917 50.782 54.857 59.149 63.664 68.408 73.387 78.607 84.073 89.793 95.772 102.016 108.531 115.323 

# Wt_h 
 0.737 0.973 1.254 1.583 1.965 2.403 2.9 3.46 4.087 4.784 5.555 6.403 7.333 8.346 9.448 10.641 11.93 13.316 14.804 16.398 18.1 19.915 21.845 23.894 26.065 28.362 30.787 33.346 36.04 38.873 41.849 44.97 48.241 51.664 55.243 58.981 62.881 66.947 71.182 75.589 80.172 84.933 89.877 

# cv_Rt_No_Rm 
 0.6 0.6 0.2 

# dt_des_cpue_cru 
 0.67 0.5 0.5 

# Param 
52.8 0.151 19.27 0.1 0.3
45.6 0.174 18.79 0.1 0.3
0.1 0.1 0.1 0.05 0.1

# h 
 1 

# q_crucv 
 1 1000.05 

# A50m 
 25 1.5 35 

# A50h 
 25 1.5 35 

# Acrum 
 24 1.5 35 

# Acruh 
 24 1.5 35 

# Penalizador_mod_log_domo 
 100 

# nbloq_flo 
 1 1979 

# nbloq_cru 
 1 1979 

# nbloq_qcpue 
 1 1979 

# nbloq_qcru 
 2 1979 2004 

# Fasq_flocru 
 5 6 

# FasS_flocru 
 5 6 

# Fas_par 
 -4 5 -4 

# Fas_F 
 2 

# dev_R 
 2 

# dev_No 
 2 

# Fas_pRm 
 -6 

# Fas_Fpbr 
 6 

# npbr 
 4 

# Tasa_bdpr 
 0.3 0.4 0.45 0.48 

# yr_proy 
 15 

# pR 
 1 

# opt_sim 
 1 

