# Number of parameters = 165 Objective function value = 27725.9796769397  Maximum gradient component = 2.10388360965084e-05
# log_L50m:
 3.78169024125168
# log_sigma1m:
 1.85091593001113
# log_sigma2m:
 3.55679457295506
# log_L50h:
 3.58077872810168
# log_sigma1h:
 1.62084251129427
# log_sigma2h:
 3.54680603129777
# log_L50ch:
 3.45710915368629
# log_sigma1ch:
 1.45069210598949
# log_sigma2ch:
 3.38144346928511
# log_L50cm:
 3.91382375275347
# log_sigma1cm:
 2.34671742345356
# log_sigma2cm:
 3.40118489980202
# log_Ro:
5.71008123245
# log_pRm:
-0.693140000000
# dev_log_Ro:
 0.261996659883 -0.529150149562 -1.05204742003 -0.802565608042 -0.322565448151 1.10020038162 1.11031220307 -0.432253773985 -0.0284536430600 0.402744829790 1.13946164261 0.709874410167 0.273171007323 -0.152903546693 -0.183438679460 -0.620396696164 -0.900053369517 0.159189106978 0.366983534509 0.545651052372 1.43825570927 0.725818418478 0.834214451304 0.899503088727 0.315970699758 0.790697271273 0.398106012271 0.0721073229830 0.731397004344 -0.0143270090554 -0.263386025239 -0.294028604832 -0.578178326658 -0.392030251499 -1.04559210722 -1.34757867446 -1.54909863276 -1.12321037401 -0.415964527491 -0.228431938836
# dev_log_Nom:
 1.47277631019 0.842477999212 -0.0676634616946 -0.431700810103 -0.646659091049 -0.731287880866 -0.728580566617 -0.675330945047 -0.593842970144 -0.485269683660 -0.683712337925
# dev_log_Noh:
 0.743508320300 -0.291877640129 -0.875478198465 -1.01401148941 -0.987026947287 -0.898651475215 -0.785424531269 -0.665396957673 -0.549001469441 -0.442096272365 -0.643027526270
# log_Fm:
 -2.95983123754 -1.68006134782 -0.200000001774 -0.290905428697 -0.466568758719 -1.75922529794 -1.45536625448 -1.13931715941 -0.241819192441 -0.374798790568 -1.19856693002 -0.802666894376 -0.800561248771 -1.25638392154 -2.20852041099 -1.29450623854 -1.44613518005 -1.51515060407 -0.285286480712 -0.200000001092 -0.200000001397 -1.17561165963 -3.16259983702 -3.28009420252 -3.42796537035 -3.26532721667 -2.99319461339 -2.35464782404 -2.09456140282 -1.67850600363 -1.62235632222 -1.79070834098 -1.74007213488 -1.87208855306 -1.99022533972 -2.21687291442 -1.47515336382 -1.52682998215 -1.09989152497 -1.01652440540
# log_Fh:
 -3.21766666010 -1.86935316895 -0.200000006576 -0.200000353018 -0.200000003262 -1.25469746157 -0.951395618297 -0.993316771133 -0.709192438779 -1.13372740871 -1.89545019975 -1.38608159375 -1.38560177448 -1.93301602491 -2.90182805405 -1.90827746743 -1.96450583460 -1.95187231095 -0.966340735195 -0.972970807918 -2.12225999263 -2.38023033426 -4.00241511571 -4.44613865496 -4.52914552574 -3.75712837119 -3.62917126930 -2.77679867189 -2.71711399961 -2.58758582974 -2.59741189343 -1.95506681154 -2.34616434166 -2.69324362423 -2.79799417750 -2.71785955086 -2.22917117467 -2.49878046738 -1.98938080286 -1.97167638577
# log_qflo:
 -9.76743380194
# log_qcru:
 -0.531248046075 -0.240064669966 -0.0451374841338
# log_Lom:
2.95854948243
# log_cv_edadm:
-2.66690058148
# log_Loh:
2.93332481343
# log_cv_edadh:
-2.64254227124
# log_Mh:
-1.20397280433
# log_Mm:
-1.20397280433
# log_Fref:
 -0.180811129861 -0.699366604202 -0.928700651661 -1.06136844717
