#	DATOS	Langostino	amarillo	área	norte	2017
#	n	yrs
33
#n	ages
11
#n	tallas																																																
43
#Yrs	desem	cpue	Bcru	ph	cv_desem	cv_CPUE	cv_Cru	cv_ph	n_mf	n_hf	n_mc	n_hc	#																																				
1985	1897	0	0	0.5	0.1	0.15	0.3	0.05	50	50	25	25	#
1986	1752	0	0	0.5	0.1	0.15	0.3	0.05	50	50	25	25	#																																				
1987	1114	0.83	0	0.5	0.1	0.15	0.3	0.05	50	50	25	25	#																																				
1988	3025	0.82	0	0.5	0.1	0.15	0.3	0.05	50	50	25	25	#																																				
1989	1436	1.00	0	0.5	0.1	0.15	0.3	0.05	50	50	25	25	#																																				
1990	1126	0.44	0	0.5	0.1	0.15	0.3	0.05	50	50	25	25	#																																				
1991	2230	1.33	0	0.5	0.1	0.15	0.3	0.05	50	50	25	25	#																																				
1992	779	0.00	0	0.5	0.1	0.15	0.3	0.05	50	50	25	25	#																																				
1993	877	2.00	0	0.511	0.1	0.15	0.3	0.05	50	50	25	25	#																																				
1994	889	2.27	0	0.521	0.1	0.15	0.3	0.05	50	50	25	25	#																																				
1995	1853	2.59	0	0.537	0.1	0.15	0.3	0.05	50	50	25	25	#																																				
1996	2688	3.12	0	0.46	0.1	0.15	0.3	0.05	50	50	25	25	#																																				
1997	1753	2.27	9171	0.281	0.1	0.15	0.3	0.05	50	50	25	25	#																																				
1998	2198	1.84	0	0.406	0.1	0.15	0.3	0.05	50	50	25	25	#																																				
1999	3997	1.14	4270	0.443	0.1	0.15	0.3	0.05	50	50	25	25	#																																				
2000	3832	1.24	7296	0.315	0.1	0.15	0.3	0.05	50	50	25	25	#																																				
2001	1898	1.27	4557	0.467	0.1	0.15	0.3	0.05	50	50	25	25	#																																				
2002	602	0.93	9071	0.432	0.1	0.15	0.3	0.05	50	50	25	25	#																																				
2003	1775	1.18	5294	0.482	0.1	0.15	0.3	0.05	50	50	25	25	#																																				
2004	1000	1.44	12662	0.427	0.1	0.15	0.3	0.05	50	50	25	25	#																																				
2005	1792	2.20	17019	0.451	0.1	0.15	0.3	0.05	50	50	25	25	#																																				
2006	1357	2.19	6987	0.383	0.1	0.15	0.3	0.05	50	50	25	25	#																																				
2007	891	2.99	15686	0.309	0.1	0.15	0.3	0.05	50	50	25	25	#																																				
2008	1130	3.08	13144	0.376	0.1	0.15	0.3	0.05	50	50	25	25	#																																				
2009	1102	4.19	22645	0.394	0.1	0.15	0.3	0.05	50	50	25	25	#																																				
2010	906	2.57	0	0.44	0.1	0.15	0.3	0.05	50	50	25	25	#																																				
2011	1051	4.30	14235	0.576	0.1	0.15	0.3	0.05	50	50	25	25	#																																				
2012	1176	2.86	9767	0.233	0.1	0.15	0.3	0.05	50	50	25	25	#																																				
2013	608	0.00	9242	0.5	0.1	0.15	0.3	0.05	50	50	25	25	#																																				
2014	908	0.00	8067	0.4	0.1	0.15	0.3	0.05	50	50	25	25	#	CV																																			
2015	2549	2.05	5553	0.513	0.1	0.15	0.3	0.05	50	50	25	25	#																																				
2016	1084	1.65	11381	0.51	0.1	0.15	0.3	0.05	50	50	25	25	#																																				
2017	2168	1.36	0	0.49	0.1	0.15	0.3	0.05	50	50	25	25																																					
#	edades																																																
1	2	3	4	5	6	7	8	9	10	11																																							
#	tallas																																																
10	11	12	13	14	15	16	17	18	19	20	21	22	23	24	25	26	27	28	29	30	31	32	33	34	35	36	37	38	39	40	41	42	43	44	45	46	47	48	49	50	51	52							
#	Flota	-	machos	(MB:1985-1986	y	1993	-	1996	SCI:1997	-	2014	sin	datos	2013)																																			
0.000	0.000	0.000	0.000	0.010	0.000	0.010	0.030	0.010	0.010	0.030	0.020	0.010	0.010	0.030	0.040	0.020	0.050	0.080	0.070	0.090	0.060	0.070	0.070	0.050	0.020	0.030	0.030	0.020	0.060	0.020	0.010	0.010	0.000	0.030	0.000	0.000	0.000	0.000	0.000	0.000	0.000	0.000							
0.000	0.000	0.000	0.000	0.000	0.000	0.000	0.000	0.010	0.010	0.010	0.010	0.010	0.010	0.010	0.010	0.010	0.010	0.010	0.020	0.030	0.040	0.040	0.050	0.060	0.070	0.070	0.080	0.080	0.070	0.070	0.070	0.060	0.050	0.030	0.020	0.010	0.000	0.000	0.000	0.000	0.000	0.000							
0.000	0.000	0.000	0.000	0.000	0.000	0.000	0.000	0.000	0.000	0.000	0.000	0.000	0.000	0.000	0.000	0.000	0.000	0.000	0.000	0.000	0.000	0.000	0.000	0.000	0.000	0.000	0.000	0.000	0.000	0.000	0.000	0.000	0.000	0.000	0.000	0.000	0.000	0.000	0.000	0.000	0.000	0.000							
0.000	0.000	0.000	0.000	0.000	0.000	0.000	0.000	0.000	0.000	0.000	0.000	0.000	0.000	0.000	0.000	0.000	0.000	0.000	0.000	0.000	0.000	0.000	0.000	0.000	0.000	0.000	0.000	0.000	0.000	0.000	0.000	0.000	0.000	0.000	0.000	0.000	0.000	0.000	0.000	0.000	0.000	0.000							
0.000	0.000	0.000	0.000	0.000	0.000	0.000	0.000	0.000	0.000	0.000	0.000	0.000	0.000	0.000	0.000	0.000	0.000	0.000	0.000	0.000	0.000	0.000	0.000	0.000	0.000	0.000	0.000	0.000	0.000	0.000	0.000	0.000	0.000	0.000	0.000	0.000	0.000	0.000	0.000	0.000	0.000	0.000							
0.000	0.000	0.000	0.000	0.000	0.000	0.000	0.000	0.000	0.000	0.000	0.000	0.000	0.000	0.000	0.000	0.000	0.000	0.000	0.000	0.000	0.000	0.000	0.000	0.000	0.000	0.000	0.000	0.000	0.000	0.000	0.000	0.000	0.000	0.000	0.000	0.000	0.000	0.000	0.000	0.000	0.000	0.000							
0.000	0.000	0.000	0.000	0.000	0.000	0.000	0.000	0.000	0.000	0.000	0.000	0.000	0.000	0.000	0.000	0.000	0.000	0.000	0.000	0.000	0.000	0.000	0.000	0.000	0.000	0.000	0.000	0.000	0.000	0.000	0.000	0.000	0.000	0.000	0.000	0.000	0.000	0.000	0.000	0.000	0.000	0.000							
0.000	0.000	0.000	0.000	0.000	0.000	0.000	0.000	0.000	0.000	0.000	0.000	0.000	0.000	0.000	0.000	0.000	0.000	0.000	0.000	0.000	0.000	0.000	0.000	0.000	0.000	0.000	0.000	0.000	0.000	0.000	0.000	0.000	0.000	0.000	0.000	0.000	0.000	0.000	0.000	0.000	0.000	0.000							
0.000	0.000	0.000	0.000	0.000	0.000	0.000	0.000	0.000	0.000	0.010	0.010	0.010	0.030	0.030	0.040	0.060	0.080	0.090	0.080	0.070	0.070	0.060	0.040	0.050	0.050	0.060	0.050	0.030	0.030	0.020	0.010	0.010	0.000	0.000	0.000	0.000	0.000	0.000	0.000	0.000	0.000	0.000							
0.000	0.000	0.000	0.000	0.000	0.000	0.000	0.000	0.000	0.000	0.000	0.010	0.010	0.010	0.020	0.020	0.020	0.020	0.030	0.040	0.040	0.050	0.060	0.070	0.070	0.090	0.100	0.080	0.060	0.050	0.040	0.040	0.030	0.020	0.010	0.010	0.000	0.000	0.000	0.000	0.000	0.000	0.000							
0.000	0.000	0.000	0.000	0.000	0.000	0.000	0.000	0.000	0.000	0.010	0.020	0.020	0.030	0.030	0.040	0.040	0.050	0.050	0.060	0.060	0.060	0.060	0.060	0.070	0.070	0.060	0.050	0.040	0.030	0.020	0.020	0.010	0.010	0.010	0.010	0.000	0.000	0.000	0.000	0.000	0.000	0.000							
0.000	0.000	0.000	0.000	0.000	0.000	0.000	0.000	0.000	0.000	0.000	0.000	0.010	0.010	0.010	0.020	0.020	0.020	0.030	0.040	0.040	0.040	0.050	0.050	0.060	0.070	0.080	0.080	0.070	0.060	0.050	0.050	0.040	0.030	0.020	0.010	0.010	0.000	0.000	0.000	0.000	0.000	0.000							
0.000	0.000	0.000	0.000	0.000	0.000	0.000	0.000	0.000	0.000	0.000	0.000	0.000	0.000	0.000	0.000	0.000	0.010	0.010	0.030	0.040	0.060	0.080	0.080	0.080	0.080	0.100	0.080	0.070	0.070	0.050	0.040	0.030	0.020	0.020	0.020	0.010	0.010	0.000	0.000	0.000	0.000	0.000							
0.000	0.000	0.000	0.000	0.000	0.000	0.000	0.000	0.000	0.000	0.000	0.000	0.000	0.000	0.000	0.000	0.010	0.000	0.010	0.040	0.030	0.060	0.070	0.090	0.080	0.090	0.120	0.080	0.110	0.090	0.050	0.030	0.040	0.010	0.010	0.000	0.000	0.000	0.000	0.000	0.000	0.000	0.000							
0.000	0.000	0.000	0.000	0.000	0.000	0.000	0.000	0.000	0.000	0.000	0.010	0.000	0.010	0.010	0.010	0.020	0.030	0.020	0.030	0.040	0.050	0.060	0.070	0.070	0.080	0.090	0.090	0.080	0.070	0.050	0.040	0.030	0.020	0.000	0.000	0.000	0.000	0.000	0.000	0.000	0.000	0.000							
0.000	0.000	0.000	0.000	0.000	0.000	0.000	0.000	0.000	0.000	0.000	0.010	0.010	0.020	0.020	0.030	0.040	0.050	0.060	0.070	0.070	0.080	0.070	0.070	0.060	0.060	0.060	0.050	0.040	0.030	0.030	0.020	0.010	0.010	0.010	0.010	0.000	0.000	0.000	0.000	0.000	0.000	0.000							
0.000	0.000	0.000	0.000	0.000	0.000	0.000	0.000	0.000	0.000	0.000	0.000	0.000	0.010	0.020	0.030	0.050	0.070	0.070	0.080	0.090	0.080	0.080	0.080	0.070	0.060	0.050	0.050	0.040	0.030	0.020	0.010	0.000	0.000	0.000	0.000	0.000	0.000	0.000	0.000	0.000	0.000	0.000							
0.000	0.000	0.000	0.000	0.000	0.000	0.000	0.000	0.000	0.010	0.010	0.020	0.030	0.030	0.060	0.070	0.080	0.080	0.080	0.090	0.080	0.080	0.060	0.050	0.040	0.030	0.030	0.020	0.010	0.010	0.000	0.000	0.000	0.000	0.000	0.000	0.000	0.000	0.000	0.000	0.000	0.000	0.000							
0.000	0.000	0.000	0.000	0.000	0.000	0.000	0.000	0.000	0.000	0.000	0.010	0.010	0.020	0.020	0.030	0.040	0.050	0.060	0.060	0.060	0.060	0.060	0.060	0.070	0.070	0.080	0.070	0.060	0.040	0.020	0.010	0.010	0.010	0.000	0.000	0.000	0.000	0.000	0.000	0.000	0.000	0.000							
0.000	0.000	0.000	0.000	0.000	0.000	0.000	0.000	0.000	0.000	0.010	0.010	0.020	0.040	0.030	0.030	0.060	0.060	0.080	0.060	0.090	0.100	0.080	0.060	0.050	0.040	0.040	0.050	0.030	0.040	0.020	0.000	0.000	0.000	0.000	0.000	0.000	0.000	0.000	0.000	0.000	0.000	0.000							
0.000	0.000	0.000	0.000	0.000	0.000	0.000	0.000	0.000	0.000	0.000	0.000	0.000	0.010	0.010	0.020	0.030	0.030	0.050	0.060	0.070	0.070	0.080	0.070	0.080	0.080	0.080	0.080	0.060	0.040	0.030	0.020	0.010	0.000	0.000	0.000	0.000	0.000	0.000	0.000	0.000	0.000	0.000							
0.000	0.000	0.000	0.000	0.000	0.000	0.000	0.000	0.000	0.000	0.000	0.000	0.000	0.010	0.010	0.020	0.020	0.020	0.040	0.050	0.070	0.090	0.100	0.110	0.110	0.090	0.070	0.070	0.060	0.040	0.010	0.010	0.000	0.000	0.000	0.000	0.000	0.000	0.000	0.000	0.000	0.000	0.000							
0.000	0.000	0.000	0.000	0.000	0.000	0.000	0.000	0.000	0.000	0.000	0.000	0.000	0.000	0.000	0.010	0.010	0.020	0.050	0.040	0.030	0.050	0.090	0.100	0.130	0.110	0.080	0.080	0.060	0.040	0.030	0.020	0.020	0.010	0.000	0.000	0.000	0.000	0.000	0.000	0.000	0.000	0.000							
0.000	0.000	0.000	0.000	0.000	0.000	0.000	0.000	0.000	0.000	0.000	0.000	0.000	0.010	0.000	0.020	0.020	0.030	0.040	0.040	0.060	0.060	0.040	0.040	0.060	0.050	0.070	0.060	0.070	0.070	0.060	0.050	0.050	0.050	0.030	0.010	0.010	0.000	0.000	0.000	0.000	0.000	0.000							
0.000	0.000	0.000	0.000	0.000	0.000	0.000	0.000	0.000	0.000	0.000	0.000	0.000	0.000	0.000	0.000	0.000	0.000	0.010	0.020	0.030	0.050	0.060	0.090	0.080	0.090	0.090	0.100	0.100	0.090	0.090	0.050	0.030	0.010	0.010	0.000	0.000	0.000	0.000	0.000	0.000	0.000	0.000							
0.000	0.000	0.000	0.000	0.000	0.000	0.000	0.000	0.000	0.000	0.000	0.000	0.000	0.000	0.000	0.000	0.010	0.030	0.040	0.040	0.040	0.070	0.060	0.050	0.060	0.080	0.090	0.110	0.100	0.090	0.040	0.030	0.030	0.010	0.000	0.000	0.000	0.000	0.000	0.000	0.000	0.000	0.000							
0.000	0.000	0.000	0.000	0.000	0.000	0.000	0.000	0.000	0.000	0.000	0.000	0.000	0.000	0.000	0.000	0.000	0.000	0.020	0.040	0.060	0.080	0.080	0.060	0.070	0.060	0.060	0.040	0.050	0.090	0.080	0.060	0.050	0.050	0.030	0.020	0.010	0.000	0.000	0.000	0.000	0.000	0.000							
0.000	0.000	0.000	0.000	0.000	0.000	0.000	0.000	0.000	0.000	0.000	0.000	0.000	0.000	0.000	0.000	0.000	0.000	0.000	0.010	0.020	0.030	0.040	0.060	0.070	0.100	0.100	0.120	0.130	0.130	0.080	0.050	0.030	0.010	0.010	0.000	0.000	0.000	0.000	0.000	0.000	0.000	0.000							
0.000	0.000	0.000	0.000	0.000	0.000	0.000	0.000	0.000	0.000	0.000	0.000	0.000	0.000	0.000	0.000	0.000	0.000	0.000	0.000	0.000	0.000	0.000	0.000	0.000	0.000	0.000	0.000	0.000	0.000	0.000	0.000	0.000	0.000	0.000	0.000	0.000	0.000	0.000	0.000	0.000	0.000	0.000							
0.000	0.000	0.000	0.000	0.000	0.000	0.000	0.000	0.000	0.000	0.000	0.000	0.000	0.000	0.000	0.010	0.020	0.020	0.080	0.040	0.060	0.050	0.060	0.070	0.080	0.030	0.020	0.030	0.050	0.060	0.060	0.060	0.060	0.040	0.030	0.020	0.010	0.000	0.010	0.000	0.000	0.000	0.000							
0.000	0.000	0.000	0.000	0.000	0.000	0.000	0.000	0.000	0.000	0.000	0.000	0.000	0.000	0.001	0.001	0.005	0.004	0.008	0.009	0.019	0.028	0.026	0.035	0.044	0.055	0.069	0.098	0.112	0.110	0.101	0.100	0.066	0.053	0.029	0.015	0.008	0.003	0.000	0.001	0.000	0.000	0.000							
0.000	0.000	0.000	0.000	0.000	0.000	0.003	0.004	0.004	0.001	0.003	0.002	0.004	0.006	0.005	0.001	0.001	0.001	0.001	0.004	0.004	0.008	0.012	0.019	0.026	0.036	0.061	0.066	0.105	0.158	0.153	0.123	0.089	0.062	0.022	0.014	0.002	0.001	0.000	0.000	0.000	0.000	0.000							
0.000	0.000	0.000	0.000	0.000	0.000	0.000	0.000	0.000	0.000	0.000	0.000	0.000	0.000	0.005	0.008	0.005	0.007	0.009	0.023	0.026	0.037	0.017	0.015	0.009	0.017	0.020	0.036	0.047	0.106	0.116	0.128	0.138	0.129	0.055	0.016	0.021	0.004	0.004	0.000	0.000	0.000  	0.000							
#	ET	Flota	-	Hembras																																													
0.000	0.000	0.000	0.000	0.000	0.000	0.010	0.020	0.000	0.060	0.020	0.040	0.010	0.090	0.070	0.070	0.120	0.110	0.100	0.060	0.040	0.060	0.010	0.040	0.000	0.010	0.000	0.020	0.020	0.000	0.000	0.000	0.000	0.000	0.000	0.000	0.000	0.000	0.000	0.000	0.000	0.000	0.000							
0.000	0.000	0.000	0.000	0.010	0.000	0.000	0.020	0.070	0.050	0.060	0.080	0.050	0.130	0.100	0.110	0.060	0.070	0.040	0.030	0.030	0.020	0.020	0.010	0.020	0.020	0.000	0.010	0.000	0.000	0.000	0.000	0.000	0.000	0.000	0.000	0.000	0.000	0.000	0.000	0.000	0.000	0.000							
0.000	0.000	0.000	0.000	0.000	0.000	0.000	0.000	0.000	0.000	0.000	0.000	0.000	0.000	0.000	0.000	0.000	0.000	0.000	0.000	0.000	0.000	0.000	0.000	0.000	0.000	0.000	0.000	0.000	0.000	0.000	0.000	0.000	0.000	0.000	0.000	0.000	0.000	0.000	0.000	0.000	0.000	0.000							
0.000	0.000	0.000	0.000	0.000	0.000	0.000	0.000	0.000	0.000	0.000	0.000	0.000	0.000	0.000	0.000	0.000	0.000	0.000	0.000	0.000	0.000	0.000	0.000	0.000	0.000	0.000	0.000	0.000	0.000	0.000	0.000	0.000	0.000	0.000	0.000	0.000	0.000	0.000	0.000	0.000	0.000	0.000							
0.000	0.000	0.000	0.000	0.000	0.000	0.000	0.000	0.000	0.000	0.000	0.000	0.000	0.000	0.000	0.000	0.000	0.000	0.000	0.000	0.000	0.000	0.000	0.000	0.000	0.000	0.000	0.000	0.000	0.000	0.000	0.000	0.000	0.000	0.000	0.000	0.000	0.000	0.000	0.000	0.000	0.000	0.000							
0.000	0.000	0.000	0.000	0.000	0.000	0.000	0.000	0.000	0.000	0.000	0.000	0.000	0.000	0.000	0.000	0.000	0.000	0.000	0.000	0.000	0.000	0.000	0.000	0.000	0.000	0.000	0.000	0.000	0.000	0.000	0.000	0.000	0.000	0.000	0.000	0.000	0.000	0.000	0.000	0.000	0.000	0.000							
0.000	0.000	0.000	0.000	0.000	0.000	0.000	0.000	0.000	0.000	0.000	0.000	0.000	0.000	0.000	0.000	0.000	0.000	0.000	0.000	0.000	0.000	0.000	0.000	0.000	0.000	0.000	0.000	0.000	0.000	0.000	0.000	0.000	0.000	0.000	0.000	0.000	0.000	0.000	0.000	0.000	0.000	0.000							
0.000	0.000	0.000	0.000	0.000	0.000	0.000	0.000	0.000	0.000	0.000	0.000	0.000	0.000	0.000	0.000	0.000	0.000	0.000	0.000	0.000	0.000	0.000	0.000	0.000	0.000	0.000	0.000	0.000	0.000	0.000	0.000	0.000	0.000	0.000	0.000	0.000	0.000	0.000	0.000	0.000	0.000	0.000							
0.000	0.000	0.000	0.000	0.000	0.000	0.000	0.000	0.000	0.000	0.000	0.010	0.010	0.030	0.050	0.070	0.090	0.110	0.110	0.100	0.090	0.070	0.070	0.040	0.040	0.030	0.020	0.020	0.010	0.010	0.010	0.000	0.000	0.000	0.000	0.000	0.000	0.000	0.000	0.000	0.000	0.000	0.000							
0.000	0.000	0.000	0.000	0.000	0.000	0.000	0.000	0.000	0.000	0.000	0.010	0.010	0.010	0.020	0.040	0.060	0.070	0.080	0.090	0.100	0.110	0.090	0.080	0.060	0.050	0.040	0.030	0.010	0.010	0.010	0.000	0.000	0.000	0.000	0.000	0.000	0.000	0.000	0.000	0.000	0.000	0.000							
0.000	0.000	0.000	0.000	0.000	0.000	0.000	0.000	0.000	0.010	0.010	0.020	0.030	0.040	0.060	0.080	0.100	0.110	0.110	0.100	0.080	0.070	0.050	0.040	0.030	0.020	0.010	0.010	0.010	0.000	0.000	0.000	0.000	0.000	0.000	0.000	0.000	0.000	0.000	0.000	0.000	0.000	0.000							
0.000	0.000	0.000	0.000	0.000	0.000	0.000	0.000	0.000	0.000	0.000	0.000	0.010	0.010	0.020	0.030	0.040	0.050	0.070	0.100	0.090	0.090	0.060	0.060	0.050	0.050	0.050	0.060	0.050	0.050	0.030	0.020	0.010	0.000	0.000	0.000	0.000	0.000	0.000	0.000	0.000	0.000	0.000							
0.000	0.000	0.000	0.000	0.000	0.000	0.000	0.000	0.000	0.000	0.000	0.000	0.000	0.000	0.010	0.010	0.040	0.070	0.100	0.150	0.180	0.150	0.110	0.080	0.030	0.030	0.020	0.010	0.010	0.010	0.000	0.000	0.000	0.000	0.000	0.000	0.000	0.000	0.000	0.000	0.000	0.000	0.000							
0.000	0.000	0.000	0.000	0.000	0.000	0.000	0.000	0.000	0.000	0.000	0.000	0.000	0.000	0.000	0.010	0.020	0.050	0.080	0.130	0.160	0.170	0.150	0.100	0.070	0.040	0.020	0.000	0.000	0.000	0.000	0.000	0.000	0.000	0.000	0.000	0.000	0.000	0.000	0.000	0.000	0.000	0.000							
0.000	0.000	0.000	0.000	0.000	0.000	0.000	0.010	0.010	0.010	0.010	0.020	0.030	0.040	0.050	0.050	0.070	0.100	0.110	0.110	0.100	0.090	0.060	0.050	0.040	0.020	0.020	0.010	0.000	0.000	0.000	0.000	0.000	0.000	0.000	0.000	0.000	0.000	0.000	0.000	0.000	0.000	0.000							
0.000	0.000	0.000	0.000	0.000	0.000	0.000	0.000	0.000	0.000	0.010	0.020	0.030	0.040	0.060	0.070	0.080	0.080	0.090	0.070	0.080	0.060	0.050	0.050	0.040	0.040	0.040	0.020	0.020	0.010	0.010	0.010	0.010	0.010	0.000	0.000	0.000	0.000	0.000	0.000	0.000	0.000	0.000							
0.000	0.000	0.000	0.000	0.000	0.000	0.000	0.000	0.000	0.000	0.000	0.010	0.020	0.040	0.070	0.100	0.120	0.130	0.110	0.100	0.080	0.070	0.050	0.030	0.020	0.010	0.000	0.000	0.000	0.000	0.000	0.000	0.000	0.000	0.000	0.000	0.000	0.000	0.000	0.000	0.000	0.000	0.000							
0.000	0.000	0.000	0.000	0.000	0.000	0.000	0.000	0.000	0.010	0.010	0.020	0.040	0.060	0.090	0.110	0.130	0.140	0.120	0.110	0.060	0.040	0.020	0.010	0.010	0.000	0.000	0.000	0.000	0.000	0.000	0.000	0.000	0.000	0.000	0.000	0.000	0.000	0.000	0.000	0.000	0.000	0.000							
0.000	0.000	0.000	0.000	0.000	0.000	0.000	0.000	0.000	0.000	0.000	0.010	0.020	0.040	0.070	0.100	0.120	0.130	0.130	0.110	0.090	0.070	0.050	0.020	0.010	0.010	0.000	0.000	0.000	0.000	0.000	0.000	0.000	0.000	0.000	0.000	0.000	0.000	0.000	0.000	0.000	0.000	0.000							
0.000	0.000	0.000	0.000	0.000	0.000	0.000	0.000	0.000	0.000	0.000	0.010	0.010	0.030	0.030	0.050	0.070	0.100	0.060	0.070	0.070	0.070	0.040	0.070	0.030	0.030	0.060	0.060	0.020	0.030	0.010	0.020	0.010	0.010	0.000	0.010	0.000	0.000	0.000	0.000	0.000	0.000	0.000							
0.000	0.000	0.000	0.000	0.000	0.000	0.000	0.000	0.000	0.010	0.010	0.020	0.020	0.030	0.030	0.050	0.080	0.120	0.120	0.110	0.090	0.070	0.060	0.050	0.050	0.030	0.030	0.010	0.010	0.010	0.000	0.000	0.000	0.000	0.000	0.000	0.000	0.000	0.000	0.000	0.000	0.000	0.000							
0.000	0.000	0.000	0.000	0.000	0.000	0.000	0.000	0.000	0.000	0.010	0.020	0.030	0.050	0.070	0.060	0.070	0.080	0.110	0.100	0.110	0.090	0.060	0.060	0.040	0.020	0.010	0.000	0.000	0.000	0.000	0.000	0.000	0.000	0.000	0.000	0.000	0.000	0.000	0.000	0.000	0.000	0.000							
0.000	0.000	0.000	0.000	0.000	0.000	0.000	0.000	0.000	0.000	0.000	0.010	0.010	0.010	0.040	0.060	0.100	0.200	0.160	0.150	0.100	0.070	0.040	0.020	0.010	0.000	0.000	0.000	0.000	0.000	0.000	0.000	0.000	0.000	0.000	0.000	0.000	0.000	0.000	0.000	0.000	0.000	0.000							
0.000	0.000	0.000	0.000	0.000	0.000	0.000	0.000	0.000	0.000	0.000	0.000	0.010	0.020	0.020	0.030	0.050	0.080	0.140	0.110	0.100	0.100	0.060	0.040	0.040	0.080	0.050	0.020	0.040	0.010	0.020	0.000	0.000	0.000	0.000	0.000	0.000	0.000	0.000	0.000	0.000	0.000	0.000							
0.000	0.000	0.000	0.000	0.000	0.000	0.000	0.000	0.000	0.000	0.000	0.000	0.000	0.000	0.010	0.020	0.060	0.120	0.180	0.160	0.150	0.120	0.090	0.050	0.020	0.010	0.010	0.000	0.000	0.000	0.000	0.000	0.000	0.000	0.000	0.000	0.000	0.000	0.000	0.000	0.000	0.000	0.000							
0.000	0.000	0.000	0.000	0.000	0.000	0.000	0.000	0.000	0.000	0.000	0.000	0.000	0.020	0.030	0.010	0.040	0.130	0.180	0.110	0.130	0.120	0.070	0.080	0.040	0.010	0.010	0.000	0.010	0.000	0.000	0.000	0.000	0.000	0.000	0.000	0.000	0.000	0.000	0.000	0.000	0.000	0.000							
0.000	0.000	0.000	0.000	0.000	0.000	0.000	0.000	0.000	0.000	0.000	0.000	0.000	0.000	0.000	0.000	0.000	0.040	0.080	0.120	0.110	0.130	0.090	0.110	0.070	0.090	0.070	0.040	0.020	0.010	0.000	0.010	0.000	0.010	0.000	0.000	0.000	0.000	0.000	0.000	0.000	0.000	0.000							
0.000	0.000	0.000	0.000	0.000	0.000	0.000	0.000	0.000	0.000	0.000	0.000	0.000	0.000	0.000	0.000	0.010	0.020	0.070	0.120	0.160	0.190	0.140	0.120	0.060	0.050	0.020	0.010	0.010	0.000	0.000	0.000	0.000	0.000	0.000	0.000	0.000	0.000	0.000	0.000	0.000	0.000	0.000							
0.000	0.000	0.000	0.000	0.000	0.000	0.000	0.000	0.000	0.000	0.000	0.000	0.000	0.000	0.000	0.000	0.000	0.000	0.000	0.000	0.000	0.000	0.000	0.000	0.000	0.000	0.000	0.000	0.000	0.000	0.000	0.000	0.000	0.000	0.000	0.000	0.000	0.000	0.000	0.000	0.000	0.000	0.000							
0.000	0.000	0.000	0.000	0.000	0.000	0.000	0.000	0.000	0.000	0.000	0.000	0.000	0.000	0.000	0.010	0.000	0.130	0.190	0.170	0.100	0.070	0.090	0.080	0.090	0.060	0.000	0.000	0.010	0.000	0.000	0.000	0.000	0.000	0.000	0.000	0.000	0.000	0.000	0.000	0.000	0.000	0.000							
0.000	0.000	0.000	0.000	0.000	0.000	0.000	0.000	0.000	0.000	0.000	0.000	0.000	0.005	0.008	0.015	0.019	0.059	0.114	0.106	0.125	0.159	0.124	0.096	0.065	0.039	0.027	0.014	0.013	0.004	0.004	0.002	0.001	0.000	0.000	0.000	0.000	0.000	0.000	0.000	0.000	0.000	0.000							
0.000	0.000	0.000	0.000	0.000	0.000	0.000	0.000	0.000	0.000	0.000	0.000	0.001	0.001	0.001	0.002	0.006	0.011	0.026	0.053	0.092	0.135	0.177	0.176	0.152	0.102	0.040	0.015	0.006	0.003	0.000	0.000	0.000	0.000	0.000	0.000	0.000	0.000	0.000	0.000	0.000	0.000	0.000							
0.000	0.000	0.000	0.000	0.000	0.000	0.000	0.000	0.000	0.000	0.000	0.000	0.001	0.002	0.008	0.008	0.011	0.034	0.049	0.060	0.074	0.093	0.126	0.108	0.099	0.130	0.048	0.027	0.007	0.000	0.000	0.000	0.000	0.000	0.000	0.000	0.000	0.004	0.006	0.010	0.010	0.016	0.013
#	Crucero	-	Machos																																														
0.000	0.000	0.000	0.000	0.000	0.000	0.000	0.000	0.000	0.000	0.000	0.000	0.000	0.000	0.000	0.000	0.000	0.000	0.000	0.000	0.000	0.000	0.000	0.000	0.000	0.000	0.000	0.000	0.000	0.000	0.000	0.000	0.000	0.000	0.000	0.000	0.000	0.000	0.000	0.000	0.000	0.000	0.000							
0.000	0.000	0.000	0.000	0.000	0.000	0.000	0.000	0.000	0.000	0.000	0.000	0.000	0.000	0.000	0.000	0.000	0.000	0.000	0.000	0.000	0.000	0.000	0.000	0.000	0.000	0.000	0.000	0.000	0.000	0.000	0.000	0.000	0.000	0.000	0.000	0.000	0.000	0.000	0.000	0.000	0.000	0.000							
0.000	0.000	0.000	0.000	0.000	0.000	0.000	0.000	0.000	0.000	0.000	0.000	0.000	0.000	0.000	0.000	0.000	0.000	0.000	0.000	0.000	0.000	0.000	0.000	0.000	0.000	0.000	0.000	0.000	0.000	0.000	0.000	0.000	0.000	0.000	0.000	0.000	0.000	0.000	0.000	0.000	0.000	0.000							
0.000	0.000	0.000	0.000	0.000	0.000	0.000	0.000	0.000	0.000	0.000	0.000	0.000	0.000	0.000	0.000	0.000	0.000	0.000	0.000	0.000	0.000	0.000	0.000	0.000	0.000	0.000	0.000	0.000	0.000	0.000	0.000	0.000	0.000	0.000	0.000	0.000	0.000	0.000	0.000	0.000	0.000	0.000							
0.000	0.000	0.000	0.000	0.000	0.000	0.000	0.000	0.000	0.000	0.000	0.000	0.000	0.000	0.000	0.000	0.000	0.000	0.000	0.000	0.000	0.000	0.000	0.000	0.000	0.000	0.000	0.000	0.000	0.000	0.000	0.000	0.000	0.000	0.000	0.000	0.000	0.000	0.000	0.000	0.000	0.000	0.000							
0.000	0.000	0.000	0.000	0.000	0.000	0.000	0.000	0.000	0.000	0.000	0.000	0.000	0.000	0.000	0.000	0.000	0.000	0.000	0.000	0.000	0.000	0.000	0.000	0.000	0.000	0.000	0.000	0.000	0.000	0.000	0.000	0.000	0.000	0.000	0.000	0.000	0.000	0.000	0.000	0.000	0.000	0.000							
0.000	0.000	0.000	0.000	0.000	0.000	0.000	0.000	0.000	0.000	0.000	0.000	0.000	0.000	0.000	0.000	0.000	0.000	0.000	0.000	0.000	0.000	0.000	0.000	0.000	0.000	0.000	0.000	0.000	0.000	0.000	0.000	0.000	0.000	0.000	0.000	0.000	0.000	0.000	0.000	0.000	0.000	0.000							
0.000	0.000	0.000	0.000	0.000	0.000	0.000	0.000	0.000	0.000	0.000	0.000	0.000	0.000	0.000	0.000	0.000	0.000	0.000	0.000	0.000	0.000	0.000	0.000	0.000	0.000	0.000	0.000	0.000	0.000	0.000	0.000	0.000	0.000	0.000	0.000	0.000	0.000	0.000	0.000	0.000	0.000	0.000							
0.000	0.000	0.000	0.000	0.000	0.000	0.000	0.000	0.000	0.000	0.000	0.000	0.000	0.000	0.000	0.000	0.000	0.000	0.000	0.000	0.000	0.000	0.000	0.000	0.000	0.000	0.000	0.000	0.000	0.000	0.000	0.000	0.000	0.000	0.000	0.000	0.000	0.000	0.000	0.000	0.000	0.000	0.000							
0.000	0.000	0.000	0.000	0.000	0.000	0.000	0.000	0.000	0.000	0.000	0.000	0.000	0.000	0.000	0.000	0.000	0.000	0.000	0.000	0.000	0.000	0.000	0.000	0.000	0.000	0.000	0.000	0.000	0.000	0.000	0.000	0.000	0.000	0.000	0.000	0.000	0.000	0.000	0.000	0.000	0.000	0.000							
0.000	0.000	0.000	0.000	0.000	0.000	0.000	0.000	0.000	0.000	0.000	0.000	0.000	0.000	0.000	0.000	0.000	0.000	0.000	0.000	0.000	0.000	0.000	0.000	0.000	0.000	0.000	0.000	0.000	0.000	0.000	0.000	0.000	0.000	0.000	0.000	0.000	0.000	0.000	0.000	0.000	0.000	0.000							
0.000	0.000	0.000	0.000	0.000	0.000	0.000	0.000	0.000	0.000	0.000	0.000	0.000	0.000	0.000	0.000	0.000	0.000	0.000	0.000	0.000	0.000	0.000	0.000	0.000	0.000	0.000	0.000	0.000	0.000	0.000	0.000	0.000	0.000	0.000	0.000	0.000	0.000	0.000	0.000	0.000	0.000	0.000							
0.000	0.000	0.000	0.000	0.000	0.000	0.000	0.000	0.000	0.000	0.000	0.000	0.000	0.000	0.000	0.000	0.000	0.000	0.000	0.000	0.000	0.000	0.000	0.000	0.000	0.000	0.000	0.000	0.000	0.000	0.000	0.000	0.000	0.000	0.000	0.000	0.000	0.000	0.000	0.000	0.000	0.000	0.000							
0.000	0.000	0.000	0.000	0.000	0.000	0.000	0.000	0.000	0.000	0.000	0.000	0.000	0.000	0.000	0.000	0.000	0.000	0.000	0.000	0.000	0.000	0.000	0.000	0.000	0.000	0.000	0.000	0.000	0.000	0.000	0.000	0.000	0.000	0.000	0.000	0.000	0.000	0.000	0.000	0.000	0.000	0.000							
0.000	0.000	0.000	0.000	0.000	0.000	0.000	0.000	0.000	0.000	0.010	0.010	0.010	0.010	0.020	0.020	0.030	0.030	0.040	0.040	0.060	0.050	0.060	0.050	0.060	0.070	0.070	0.070	0.080	0.060	0.060	0.040	0.030	0.020	0.010	0.010	0.000	0.000	0.000	0.000	0.000	0.000	0.000							
0.000	0.000	0.000	0.000	0.000	0.000	0.000	0.000	0.000	0.000	0.000	0.000	0.000	0.000	0.000	0.000	0.000	0.000	0.000	0.000	0.000	0.000	0.000	0.000	0.000	0.000	0.000	0.000	0.000	0.000	0.000	0.000	0.000	0.000	0.000	0.000	0.000	0.000	0.000	0.000	0.000	0.000	0.000							
0.000	0.000	0.000	0.000	0.000	0.000	0.000	0.000	0.000	0.000	0.000	0.010	0.010	0.010	0.020	0.020	0.030	0.030	0.050	0.050	0.070	0.060	0.060	0.070	0.050	0.060	0.050	0.060	0.060	0.050	0.050	0.050	0.040	0.030	0.010	0.010	0.010	0.000	0.000	0.000	0.000	0.000	0.000							
0.000	0.000	0.000	0.000	0.000	0.000	0.000	0.010	0.010	0.010	0.020	0.020	0.020	0.020	0.020	0.020	0.030	0.030	0.030	0.040	0.040	0.040	0.040	0.040	0.050	0.070	0.040	0.060	0.060	0.060	0.050	0.040	0.040	0.020	0.020	0.010	0.010	0.000	0.010	0.000	0.000	0.000	0.000							
0.000	0.000	0.000	0.000	0.000	0.000	0.000	0.000	0.010	0.010	0.010	0.020	0.030	0.040	0.060	0.060	0.050	0.050	0.050	0.040	0.050	0.050	0.050	0.050	0.050	0.050	0.040	0.060	0.040	0.030	0.030	0.020	0.010	0.010	0.000	0.000	0.000	0.000	0.000	0.000	0.000	0.000	0.000							
0.000	0.000	0.000	0.000	0.000	0.000	0.010	0.010	0.010	0.020	0.020	0.030	0.040	0.050	0.060	0.070	0.060	0.080	0.060	0.060	0.050	0.050	0.050	0.050	0.050	0.040	0.040	0.030	0.020	0.010	0.010	0.000	0.000	0.000	0.000	0.000	0.000	0.000	0.000	0.000	0.000	0.000	0.000							
0.000	0.000	0.000	0.000	0.000	0.000	0.000	0.000	0.000	0.010	0.010	0.010	0.020	0.020	0.030	0.030	0.040	0.050	0.060	0.050	0.060	0.090	0.100	0.070	0.070	0.060	0.050	0.040	0.030	0.020	0.020	0.020	0.020	0.010	0.000	0.000	0.000	0.000	0.000	0.000	0.000	0.000	0.000							
0.000	0.000	0.000	0.000	0.000	0.000	0.000	0.010	0.010	0.020	0.020	0.020	0.030	0.030	0.040	0.040	0.050	0.050	0.050	0.050	0.060	0.080	0.080	0.050	0.060	0.060	0.050	0.040	0.030	0.030	0.020	0.010	0.010	0.000	0.000	0.000	0.000	0.000	0.000	0.000	0.000	0.000	0.000							
0.000	0.000	0.000	0.000	0.000	0.000	0.000	0.000	0.000	0.000	0.010	0.020	0.020	0.030	0.040	0.050	0.050	0.060	0.050	0.060	0.060	0.070	0.080	0.070	0.060	0.060	0.050	0.060	0.030	0.020	0.020	0.010	0.010	0.000	0.000	0.000	0.000	0.000	0.000	0.000	0.000	0.000	0.000							
0.000	0.000	0.000	0.000	0.000	0.000	0.000	0.000	0.000	0.010	0.010	0.010	0.020	0.020	0.030	0.030	0.040	0.040	0.050	0.050	0.070	0.070	0.100	0.100	0.090	0.070	0.050	0.040	0.030	0.030	0.020	0.010	0.010	0.000	0.000	0.000	0.000	0.000	0.000	0.000	0.000	0.000	0.000							
0.000	0.000	0.000	0.000	0.000	0.000	0.000	0.000	0.000	0.000	0.000	0.010	0.010	0.010	0.020	0.020	0.030	0.040	0.050	0.060	0.070	0.060	0.070	0.060	0.070	0.080	0.080	0.080	0.060	0.040	0.040	0.020	0.010	0.010	0.000	0.000	0.000	0.000	0.000	0.000	0.000	0.000	0.000							
0.000	0.000	0.000	0.000	0.000	0.000	0.000	0.000	0.000	0.000	0.000	0.000	0.000	0.000	0.000	0.000	0.000	0.000	0.000	0.000	0.000	0.000	0.000	0.000	0.000	0.000	0.000	0.000	0.000	0.000	0.000	0.000	0.000	0.000	0.000	0.000	0.000	0.000	0.000	0.000	0.000	0.000	0.000							
0.000	0.000	0.000	0.000	0.000	0.000	0.000	0.000	0.000	0.000	0.000	0.000	0.010	0.010	0.010	0.010	0.020	0.030	0.030	0.040	0.040	0.050	0.050	0.070	0.080	0.090	0.090	0.090	0.080	0.060	0.050	0.040	0.020	0.010	0.000	0.000	0.000	0.000	0.000	0.000	0.000	0.000	0.000							
0.000	0.000	0.000	0.000	0.000	0.000	0.000	0.000	0.000	0.000	0.000	0.010	0.010	0.010	0.010	0.020	0.020	0.020	0.030	0.030	0.040	0.040	0.050	0.060	0.060	0.070	0.080	0.100	0.090	0.090	0.070	0.040	0.030	0.020	0.010	0.000	0.000	0.000	0.000	0.000	0.000	0.000	0.000							
0.000	0.000	0.000	0.000	0.000	0.000	0.000	0.000	0.000	0.000	0.000	0.000	0.000	0.010	0.010	0.010	0.010	0.010	0.020	0.030	0.030	0.040	0.060	0.080	0.090	0.080	0.080	0.080	0.070	0.080	0.070	0.050	0.030	0.020	0.010	0.010	0.000	0.000	0.010	0.000	0.000	0.000	0.000							
0.000	0.000	0.000	0.000	0.000	0.000	0.000	0.000	0.000	0.000	0.000	0.000	0.000	0.000	0.000	0.010	0.010	0.010	0.020	0.020	0.020	0.030	0.040	0.060	0.070	0.080	0.080	0.090	0.090	0.090	0.080	0.070	0.050	0.040	0.030	0.010	0.010	0.000	0.000	0.000	0.000	0.000	0.000							
0.000	0.000	0.000	0.000	0.000	0.000	0.000	0.000	0.000	0.000	0.000	0.000	0.000	0.000	0.000	0.000	0.000	0.000	0.010	0.010	0.020	0.030	0.040	0.060	0.080	0.080	0.090	0.110	0.100	0.090	0.090	0.060	0.050	0.030	0.030	0.010	0.000	0.000	0.000	0.000	0.000	0.000	0.000							
0.000	0.000	0.000	0.000	0.000	0.000	0.000	0.000	0.000	0.000	0.000	0.000	0.000	0.000	0.001	0.005	0.005	0.008	0.009	0.013	0.014	0.016	0.035	0.041	0.052	0.070	0.071	0.083	0.076	0.088	0.089	0.082	0.076	0.060	0.040	0.029	0.016	0.008	0.008	0.002	0.000	0.001	0.000							
0.000	0.000	0.000	0.000	0.000	0.000	0.000	0.000	0.000	0.000	0.000	0.000	0.000	0.000	0.000	0.000	0.000	0.000	0.000	0.000	0.000	0.000	0.000	0.000	0.000	0.000	0.000	0.000	0.000	0.000	0.000	0.000	0.000	0.000	0.000	0.000	0.000	0.000	0.000	0.000	0.000	0.000	0.000							
#	Crucero	-	Hembras																																														
0.000	0.000	0.000	0.000	0.000	0.000	0.000	0.000	0.000	0.000	0.000	0.000	0.000	0.000	0.000	0.000	0.000	0.000	0.000	0.000	0.000	0.000	0.000	0.000	0.000	0.000	0.000	0.000	0.000	0.000	0.000	0.000	0.000	0.000	0.000	0.000	0.000	0.000	0.000	0.000	0.000	0.000	0.000							
0.000	0.000	0.000	0.000	0.000	0.000	0.000	0.000	0.000	0.000	0.000	0.000	0.000	0.000	0.000	0.000	0.000	0.000	0.000	0.000	0.000	0.000	0.000	0.000	0.000	0.000	0.000	0.000	0.000	0.000	0.000	0.000	0.000	0.000	0.000	0.000	0.000	0.000	0.000	0.000	0.000	0.000	0.000							
0.000	0.000	0.000	0.000	0.000	0.000	0.000	0.000	0.000	0.000	0.000	0.000	0.000	0.000	0.000	0.000	0.000	0.000	0.000	0.000	0.000	0.000	0.000	0.000	0.000	0.000	0.000	0.000	0.000	0.000	0.000	0.000	0.000	0.000	0.000	0.000	0.000	0.000	0.000	0.000	0.000	0.000	0.000							
0.000	0.000	0.000	0.000	0.000	0.000	0.000	0.000	0.000	0.000	0.000	0.000	0.000	0.000	0.000	0.000	0.000	0.000	0.000	0.000	0.000	0.000	0.000	0.000	0.000	0.000	0.000	0.000	0.000	0.000	0.000	0.000	0.000	0.000	0.000	0.000	0.000	0.000	0.000	0.000	0.000	0.000	0.000							
0.000	0.000	0.000	0.000	0.000	0.000	0.000	0.000	0.000	0.000	0.000	0.000	0.000	0.000	0.000	0.000	0.000	0.000	0.000	0.000	0.000	0.000	0.000	0.000	0.000	0.000	0.000	0.000	0.000	0.000	0.000	0.000	0.000	0.000	0.000	0.000	0.000	0.000	0.000	0.000	0.000	0.000	0.000							
0.000	0.000	0.000	0.000	0.000	0.000	0.000	0.000	0.000	0.000	0.000	0.000	0.000	0.000	0.000	0.000	0.000	0.000	0.000	0.000	0.000	0.000	0.000	0.000	0.000	0.000	0.000	0.000	0.000	0.000	0.000	0.000	0.000	0.000	0.000	0.000	0.000	0.000	0.000	0.000	0.000	0.000	0.000							
0.000	0.000	0.000	0.000	0.000	0.000	0.000	0.000	0.000	0.000	0.000	0.000	0.000	0.000	0.000	0.000	0.000	0.000	0.000	0.000	0.000	0.000	0.000	0.000	0.000	0.000	0.000	0.000	0.000	0.000	0.000	0.000	0.000	0.000	0.000	0.000	0.000	0.000	0.000	0.000	0.000	0.000	0.000							
0.000	0.000	0.000	0.000	0.000	0.000	0.000	0.000	0.000	0.000	0.000	0.000	0.000	0.000	0.000	0.000	0.000	0.000	0.000	0.000	0.000	0.000	0.000	0.000	0.000	0.000	0.000	0.000	0.000	0.000	0.000	0.000	0.000	0.000	0.000	0.000	0.000	0.000	0.000	0.000	0.000	0.000	0.000							
0.000	0.000	0.000	0.000	0.000	0.000	0.000	0.000	0.000	0.000	0.000	0.000	0.000	0.000	0.000	0.000	0.000	0.000	0.000	0.000	0.000	0.000	0.000	0.000	0.000	0.000	0.000	0.000	0.000	0.000	0.000	0.000	0.000	0.000	0.000	0.000	0.000	0.000	0.000	0.000	0.000	0.000	0.000							
0.000	0.000	0.000	0.000	0.000	0.000	0.000	0.000	0.000	0.000	0.000	0.000	0.000	0.000	0.000	0.000	0.000	0.000	0.000	0.000	0.000	0.000	0.000	0.000	0.000	0.000	0.000	0.000	0.000	0.000	0.000	0.000	0.000	0.000	0.000	0.000	0.000	0.000	0.000	0.000	0.000	0.000	0.000							
0.000	0.000	0.000	0.000	0.000	0.000	0.000	0.000	0.000	0.000	0.000	0.000	0.000	0.000	0.000	0.000	0.000	0.000	0.000	0.000	0.000	0.000	0.000	0.000	0.000	0.000	0.000	0.000	0.000	0.000	0.000	0.000	0.000	0.000	0.000	0.000	0.000	0.000	0.000	0.000	0.000	0.000	0.000							
0.000	0.000	0.000	0.000	0.000	0.000	0.000	0.000	0.000	0.000	0.000	0.000	0.000	0.000	0.000	0.000	0.000	0.000	0.000	0.000	0.000	0.000	0.000	0.000	0.000	0.000	0.000	0.000	0.000	0.000	0.000	0.000	0.000	0.000	0.000	0.000	0.000	0.000	0.000	0.000	0.000	0.000	0.000							
0.000	0.000	0.000	0.000	0.000	0.000	0.000	0.000	0.000	0.000	0.000	0.000	0.000	0.000	0.000	0.000	0.000	0.000	0.000	0.000	0.000	0.000	0.000	0.000	0.000	0.000	0.000	0.000	0.000	0.000	0.000	0.000	0.000	0.000	0.000	0.000	0.000	0.000	0.000	0.000	0.000	0.000	0.000							
0.000	0.000	0.000	0.000	0.000	0.000	0.000	0.000	0.000	0.000	0.000	0.000	0.000	0.000	0.000	0.000	0.000	0.000	0.000	0.000	0.000	0.000	0.000	0.000	0.000	0.000	0.000	0.000	0.000	0.000	0.000	0.000	0.000	0.000	0.000	0.000	0.000	0.000	0.000	0.000	0.000	0.000	0.000							
0.000	0.000	0.000	0.000	0.000	0.000	0.000	0.000	0.010	0.010	0.020	0.020	0.040	0.070	0.100	0.140	0.170	0.140	0.100	0.050	0.030	0.010	0.010	0.010	0.010	0.010	0.000	0.000	0.000	0.000	0.000	0.000	0.000	0.000	0.000	0.000	0.000	0.000	0.000	0.000	0.000	0.000	0.000							
0.000	0.000	0.000	0.000	0.000	0.000	0.000	0.000	0.000	0.000	0.000	0.000	0.000	0.000	0.000	0.000	0.000	0.000	0.000	0.000	0.000	0.000	0.000	0.000	0.000	0.000	0.000	0.000	0.000	0.000	0.000	0.000	0.000	0.000	0.000	0.000	0.000	0.000	0.000	0.000	0.000	0.000	0.000							
0.000	0.000	0.000	0.000	0.000	0.000	0.010	0.020	0.020	0.040	0.060	0.080	0.090	0.080	0.080	0.060	0.050	0.040	0.060	0.060	0.060	0.050	0.040	0.030	0.030	0.020	0.000	0.000	0.000	0.000	0.000	0.000	0.000	0.000	0.000	0.000	0.000	0.000	0.000	0.000	0.000	0.000	0.000							
0.000	0.000	0.000	0.000	0.000	0.000	0.000	0.000	0.010	0.040	0.040	0.060	0.040	0.050	0.060	0.050	0.060	0.070	0.070	0.070	0.070	0.080	0.070	0.050	0.040	0.020	0.020	0.020	0.010	0.010	0.000	0.000	0.000	0.000	0.000	0.000	0.000	0.000	0.000	0.000	0.000	0.000	0.000							
0.000	0.000	0.000	0.000	0.000	0.000	0.000	0.000	0.010	0.010	0.020	0.040	0.090	0.120	0.140	0.120	0.070	0.060	0.070	0.060	0.050	0.040	0.040	0.030	0.010	0.010	0.010	0.000	0.000	0.000	0.000	0.000	0.000	0.000	0.000	0.000	0.000	0.000	0.000	0.000	0.000	0.000	0.000							
0.000	0.000	0.000	0.000	0.000	0.000	0.000	0.000	0.010	0.010	0.030	0.040	0.060	0.080	0.110	0.120	0.120	0.110	0.080	0.060	0.050	0.030	0.020	0.010	0.010	0.010	0.000	0.000	0.000	0.000	0.000	0.000	0.000	0.000	0.000	0.000	0.000	0.000	0.000	0.000	0.000	0.000	0.000							
0.000	0.000	0.000	0.000	0.000	0.000	0.000	0.000	0.000	0.000	0.010	0.020	0.030	0.050	0.060	0.090	0.110	0.110	0.090	0.060	0.070	0.060	0.070	0.040	0.040	0.030	0.020	0.010	0.010	0.000	0.000	0.000	0.000	0.000	0.000	0.000	0.000	0.000	0.000	0.000	0.000	0.000	0.000							
0.000	0.000	0.000	0.000	0.000	0.000	0.000	0.000	0.000	0.010	0.020	0.030	0.040	0.040	0.060	0.090	0.110	0.100	0.100	0.090	0.080	0.080	0.060	0.020	0.020	0.020	0.010	0.010	0.000	0.000	0.000	0.000	0.000	0.000	0.000	0.000	0.000	0.000	0.000	0.000	0.000	0.000	0.000							
0.000	0.000	0.000	0.000	0.000	0.000	0.000	0.000	0.000	0.010	0.020	0.020	0.050	0.050	0.080	0.080	0.090	0.120	0.090	0.100	0.080	0.060	0.050	0.020	0.020	0.010	0.010	0.010	0.000	0.000	0.000	0.000	0.000	0.000	0.000	0.000	0.000	0.000	0.000	0.000	0.000	0.000	0.000							
0.000	0.000	0.000	0.000	0.000	0.000	0.000	0.000	0.000	0.010	0.020	0.020	0.030	0.050	0.060	0.080	0.110	0.150	0.140	0.110	0.070	0.040	0.040	0.020	0.010	0.010	0.010	0.010	0.000	0.000	0.000	0.000	0.000	0.000	0.000	0.000	0.000	0.000	0.000	0.000	0.000	0.000	0.000							
0.000	0.000	0.000	0.000	0.000	0.000	0.000	0.000	0.000	0.000	0.000	0.000	0.010	0.020	0.040	0.080	0.120	0.140	0.150	0.130	0.120	0.080	0.050	0.030	0.020	0.010	0.010	0.010	0.000	0.000	0.000	0.000	0.000	0.000	0.000	0.000	0.000	0.000	0.000	0.000	0.000	0.000	0.000							
0.000	0.000	0.000	0.000	0.000	0.000	0.000	0.000	0.000	0.000	0.000	0.000	0.000	0.000	0.000	0.000	0.000	0.000	0.000	0.000	0.000	0.000	0.000	0.000	0.000	0.000	0.000	0.000	0.000	0.000	0.000	0.000	0.000	0.000	0.000	0.000	0.000	0.000	0.000	0.000	0.000	0.000	0.000							
0.000	0.000	0.000	0.000	0.000	0.000	0.000	0.000	0.000	0.000	0.000	0.010	0.020	0.020	0.030	0.050	0.120	0.150	0.170	0.140	0.120	0.070	0.040	0.020	0.020	0.000	0.000	0.000	0.000	0.000	0.000	0.000	0.000	0.000	0.000	0.000	0.000	0.000	0.000	0.000	0.000	0.000	0.000							
0.000	0.000	0.000	0.000	0.000	0.000	0.000	0.000	0.000	0.000	0.000	0.000	0.010	0.020	0.020	0.020	0.040	0.070	0.130	0.160	0.200	0.150	0.080	0.050	0.020	0.010	0.010	0.000	0.000	0.000	0.000	0.000	0.000	0.000	0.000	0.000	0.000	0.000	0.000	0.000	0.000	0.000	0.000							
0.000	0.000	0.000	0.000	0.000	0.000	0.000	0.000	0.000	0.000	0.000	0.010	0.000	0.020	0.010	0.030	0.050	0.070	0.110	0.100	0.150	0.140	0.120	0.050	0.030	0.020	0.010	0.020	0.020	0.010	0.010	0.010	0.010	0.010	0.000	0.000	0.000	0.000	0.000	0.000	0.000	0.000	0.000							
0.000	0.000	0.000	0.000	0.000	0.000	0.000	0.000	0.000	0.000	0.000	0.000	0.000	0.000	0.010	0.010	0.020	0.040	0.060	0.100	0.160	0.170	0.150	0.100	0.070	0.040	0.020	0.010	0.010	0.010	0.010	0.000	0.000	0.000	0.000	0.000	0.000	0.000	0.000	0.000	0.000	0.000	0.000							
0.000	0.000	0.000	0.000	0.000	0.000	0.000	0.000	0.000	0.000	0.000	0.000	0.000	0.000	0.000	0.000	0.010	0.050	0.070	0.120	0.130	0.160	0.160	0.120	0.070	0.060	0.020	0.010	0.000	0.010	0.000	0.000	0.000	0.000	0.000	0.000	0.000	0.000	0.000	0.000	0.000	0.000	0.000
0.000	0.000	0.000	0.000	0.000	0.000	0.000	0.000	0.000	0.000	0.000	0.001	0.001	0.002	0.003	0.014	0.014	0.022	0.037	0.053	0.098	0.110	0.147	0.123	0.123	0.084	0.045	0.036	0.033	0.026	0.015	0.006	0.003	0.002	0.000	0.000	0.001	0.000	0.000	0.000	0.000	0.000	0.000
0.000	0.000	0.000	0.000	0.000	0.000	0.000	0.000	0.000	0.000	0.000	0.000	0.000	0.000	0.000	0.000	0.000	0.000	0.000	0.000	0.000	0.000	0.000	0.000	0.000	0.000	0.000	0.000	0.000	0.000	0.000	0.000	0.000	0.000	0.000	0.000	0.000	0.000	0.000	0.000	0.000	0.000	0.000
#	Msex
0.033	0.04	0.049	0.061	0.074	0.091	0.11	0.133	0.16	0.192	0.228	0.268	0.313	0.361	0.412	0.466	0.52	0.574	0.626	0.675	0.721	0.762	0.799	0.832	0.86	0.884	0.905	0.922	0.936	0.948	0.958	0.966	0.972	0.977	0.982	0.985	0.988	0.99	0.992	0.994	0.995	1	1
#	Peso	medio	machos																																														
0.604	0.811	1.06	1.357	1.705	2.109	2.574	3.103	3.702	4.374	5.124	5.957	6.877	7.889	8.997	10.205	11.519	12.944	14.483	16.141	17.923	19.834	21.879	24.061	26.387	28.86	31.486	34.269	37.214	40.325	43.609	47.069	50.71	54.538	58.556	62.771	67.186	71.808	76.64	81.687	86.956	92.45	98.174							
#	Peso	medio	hembras																																														
0.698	0.925	1.197	1.517	1.89	2.319	2.809	3.362	3.984	4.677	5.447	6.296	7.23	8.25	9.363	10.571	11.878	13.289	14.807	16.436	18.18	20.043	22.029	24.142	26.386	28.764	31.281	33.94	36.745	39.701	42.811	46.079	49.509	53.105	56.871	60.811	64.928	69.227	73.711	78.385	83.252	88.316	93.581
