# Number of parameters = 145  Objective function value = 10463.5  Maximum gradient component = 5.27587e-005
# log_L50m:
 1.29623
# log_rango1m:
 0.558321
# log_L50h:
 1.49839
# log_rango1h:
 0.0924719
# log_L50ch:
 1.36624
# log_rango1ch:
 0.0492758
# log_L50cm:
 1.34310
# log_rango1cm:
 0.871490
# log_Ro:
5.08669998994
# log_pRm:
-0.693140000000
# dev_log_Ro:
 -0.458722206180 -0.242427616560 0.463400539944 0.225600774538 -0.00765795592172 0.377268811616 0.443438546946 0.520437454494 0.00103745790516 0.0836041956529 -0.00195760034397 0.132858105375 0.0651120803215 0.0715521250679 0.0557915601793 0.247122316078 0.305711656259 0.600865214794 0.325049536988 0.529156434278 0.300650725444 0.343869278482 0.249883981855 -0.226034895352 0.776969499508 0.214936507841 -0.560124260366 -0.993249007253 -0.888673060338 -1.20579446616 -0.872864508175 -0.672059096590 -0.219249171001 0.0144970406696
# dev_log_Nom:
 0.365219032994 -0.703971815226 -0.440623179379 -0.177230330471 -0.259834179126 0.292125494760 0.454306431998 0.179855101917 0.0432841929641 -0.00375018664600 -0.00456203315888
# dev_log_Noh:
 -0.199447147682 0.972389826939 0.557522737388 -0.355280897732 -0.0828118191300 -0.301271780078 -0.0573943738675 0.121794572510 0.0725457332706 0.0186664720442 0.00136166060344
# log_Fm:
 -0.854198309180 -0.576292495111 -0.961838891981 -0.200000002676 -0.680858922468 -1.16919057166 -0.725755012496 -1.86031458035 -1.98649160336 -2.18602337446 -1.62332892671 -1.12401924849 -1.25197549156 -1.02792058912 -0.387183901136 -0.200000001387 -0.400664185854 -1.68982588417 -0.830713642405 -1.52620943573 -1.10344819646 -1.42085118834 -1.93070177400 -1.87650174596 -1.99818390762 -2.32232331949 -2.43572920093 -1.88702860654 -2.95289294170 -2.42007831014 -2.11497513146 -1.69075684816 -2.12056632099 -1.55509586079
# log_Fh:
 -0.200000002705 -0.200000006548 -1.10874630466 -0.432621448482 -0.764023857144 -0.858188770560 -0.200000029535 -1.40695460660 -1.49639274076 -1.57814298805 -0.907878834854 -0.720169225640 -1.83606385352 -1.07708002522 -0.200000004145 -0.538712313401 -0.200000016936 -1.61777357288 -0.454379444753 -1.28761817779 -0.694501164965 -1.35899540884 -2.36872011575 -2.06612471914 -2.17410043709 -2.31800482623 -1.83644772896 -2.78798807039 -2.63159700374 -2.66033721290 -1.98454260565 -1.56096107642 -2.03564339742 -1.36686060945
# log_qflo:
 -8.68556994217
# log_qcru:
 0.398896837981 0.505078472418 -0.321816071481
# log_Lom:
2.98870657700
# log_cv_edadm:
-2.67168332647
# log_Loh:
2.31100174709
# log_cv_edadh:
-2.72973051103
# log_Mh:
-1.20397280433
# log_Mm:
-1.20397280433
# log_Fref:
 -0.670997066397 -1.11441175357 -1.31579115362 -2.38531198579
