# Number of parameters = 142 Objective function value = 10038.2310012623  Maximum gradient component = 7.20183990138717e-05
# log_L50m:
 1.20881593626624
# log_rango1m:
 0.536633155047462
# log_L50h:
 1.33709623516786
# log_rango1h:
 0.0857670107748968
# log_L50ch:
 1.14523156350900
# log_rango1ch:
 -0.129144602682504
# log_L50cm:
 1.28808367924736
# log_rango1cm:
 0.913960286366051
# log_Ro:
4.89348640042
# log_pRm:
-0.693140000000
# dev_log_Ro:
 -0.328551164585 -0.757683141269 0.532767893860 0.427768992928 0.306514520145 0.172379685468 0.542433549217 0.542735966346 0.475667052183 -0.259653104409 0.175617297944 0.106569057973 0.173115294949 0.0741676464887 0.112284999907 0.136932401664 0.463145070168 0.382582009258 0.626667906113 0.280626106602 0.651445324672 -0.00447258550194 0.635186634350 -0.448144216695 0.305640737730 0.679124450382 -0.595066946102 -1.50138512224 -1.65864094644 -1.25373898860 -0.680123672744 -0.346093204141 0.0301804943877
# dev_log_Nom:
 0.388006178261 -0.706946273994 -0.174974603410 -0.103102517490 0.0360644778899 0.548841041573 0.342501327610 0.117887684308 0.0245633188611 -0.00433925136827 -0.00382653131508
# dev_log_Noh:
 0.273160205670 0.869720268875 -0.300815388766 -0.0778087624815 -0.285358799756 -0.124152508191 0.0779346818588 0.0729676842673 0.0221862460335 0.00350026846285 -5.12147485860e-05
# log_Fm:
 -0.860426291213 -0.619648143738 -0.997886540645 -0.200000002434 -0.546154064210 -1.00698931848 -0.598184499804 -1.79886573479 -1.94584871679 -2.14265041961 -1.57830258532 -1.07964923342 -1.22526128304 -0.995794554821 -0.310656321606 -0.200000001150 -0.233619476830 -1.55787076009 -0.705394920134 -1.39940405730 -0.982643979199 -1.30188000534 -1.81817404433 -1.77525129730 -1.89926255906 -2.23071716647 -2.34893628485 -1.76376801483 -2.80604419665 -2.27197845595 -1.21335512095 -1.80577481965 -0.734637494888
# log_Fh:
 -0.200000002840 -0.200000005312 -1.09277166560 -0.250695407731 -0.494551254500 -0.567304742190 -0.200000026275 -1.46853969418 -1.60532631659 -1.71162051529 -1.02694461292 -0.829575981068 -1.97097500640 -1.18267363641 -0.200000006945 -0.720598812720 -0.231816929568 -1.70014344091 -0.551122840829 -1.38610044612 -0.841719504343 -1.49232065078 -2.46775992941 -2.14768265487 -2.25079852079 -2.37424897886 -1.92290815188 -2.83425423921 -2.67813068779 -2.66471627888 -1.20595351293 -1.79858371321 -0.714610302336
# log_qflo:
 -8.00234897988
# log_qcru:
 0.420973195756 0.553621471619 -0.0345672530134
# log_Lom:
3.05515088206
# log_cv_edadm:
-2.57804143054
# log_Loh:
2.62264785424
# log_cv_edadh:
-2.63227307238
# log_Mh:
-1.20397280433
# log_Mm:
-1.20397280433
# log_Fref:
 -0.722417628089 -1.15746150961 -1.35571314239 -1.19773445180
