# nyrs 
 36 

# nages 
 11 

# ntallas 
 43 

# Ind 
1985 1897 0 0 0.5 0.1 0.15 0.3 0.05 50 50 25 25
1986 1752 0 0 0.5 0.1 0.15 0.3 0.05 50 50 25 25
1987 1114 0.3233 0 0.5 0.1 0.15 0.3 0.05 50 50 25 25
1988 3025 0.3745 0 0.5 0.1 0.15 0.3 0.05 50 50 25 25
1989 1436 0.3974 0 0.5 0.1 0.15 0.3 0.05 50 50 25 25
1990 1126 0.2749 0 0.5 0.1 0.15 0.3 0.05 50 50 25 25
1991 2230 1.0025 0 0.5 0.1 0.15 0.3 0.05 50 50 25 25
1992 779 0 0 0.5 0.1 0.15 0.3 0.05 50 50 25 25
1993 877 1.0536 0 0.511 0.1 0.15 0.3 0.05 50 50 25 25
1994 889 1.2643 0 0.521 0.1 0.15 0.3 0.05 50 50 25 25
1995 1853 1.2687 0 0.537 0.1 0.15 0.3 0.05 50 50 25 25
1996 2688 1.6083 0 0.46 0.1 0.15 0.3 0.05 50 50 25 25
1997 1753 1.2613 9171 0.28 0.1 0.15 0.3 0.05 50 50 25 25
1998 2198 0.9828 0 0.37 0.1 0.15 0.3 0.05 50 50 25 25
1999 3997 0.5918 4270 0.45 0.1 0.15 0.3 0.05 50 50 25 25
2000 3832 0.6236 7296 0.3 0.1 0.15 0.3 0.05 50 50 25 25
2001 1898 0.6875 4557 0.46 0.1 0.15 0.3 0.05 50 50 25 25
2002 602 0.5583 9071 0.43 0.1 0.15 0.3 0.05 50 50 25 25
2003 1775 0.6086 5294 0.48 0.1 0.15 0.3 0.05 50 50 25 25
2004 1000 0.7555 12662 0.42 0.1 0.15 0.3 0.05 50 50 25 25
2005 1792 1.1367 17019 0.45 0.1 0.15 0.3 0.05 50 50 25 25
2006 1357 1.1214 6987 0.38 0.1 0.15 0.3 0.05 50 50 25 25
2007 891 1.4909 15686 0.46 0.1 0.15 0.3 0.05 50 50 25 25
2008 1130 1.6985 13144 0.38 0.1 0.15 0.3 0.05 50 50 25 25
2009 1102 2.1909 22645 0.4 0.1 0.15 0.3 0.05 50 50 25 25
2010 906 0 0 0.44 0.1 0.15 0.3 0.05 50 50 25 25
2011 1051 0 14235 0.58 0.1 0.15 0.3 0.05 50 50 25 25
2012 1176 1.5126 9767 0.23 0.1 0.15 0.3 0.05 50 50 25 25
2013 608 0 9242 0.5 0.1 0.15 0.3 0.05 50 50 25 25
2014 908 0 8067 0.39 0.1 0.15 0.3 0.05 50 50 25 25
2015 1321 1.087 4554 0.44 0.1 0.15 0.3 0.05 50 50 25 25
2016 1711 0.8389 9495 0.39 0.1 0.15 0.3 0.05 50 50 25 25
2017 885 0.9526 5683 0.41 0.1 0.15 0.3 0.05 50 50 25 25
2018 896 1.059 4137 0.31 0.1 0.15 0.3 0.05 50 50 25 25
2019 748 0.8632 4278 0.3 0.1 0.15 0.3 0.05 50 50 25 25
2020 748 0 0 0.31 0.1 0.15 0.3 0.05 50 50 25 25

# edades 
 1 2 3 4 5 6 7 8 9 10 11 

# tallas 
 10 11 12 13 14 15 16 17 18 19 20 21 22 23 24 25 26 27 28 29 30 31 32 33 34 35 36 37 38 39 40 41 42 43 44 45 46 47 48 49 50 51 52 

# ETflom 
0 0 0 0 0.01 0 0.01 0.03 0.01 0.01 0.03 0.02 0.01 0.01 0.03 0.04 0.02 0.05 0.08 0.07 0.09 0.06 0.07 0.07 0.05 0.02 0.03 0.03 0.02 0.06 0.02 0.01 0.01 0 0.03 0 0 0 0 0 0 0 0
0 0 0 0 0 0 0 0 0.01 0.01 0.01 0.01 0.01 0.01 0.01 0.01 0.01 0.01 0.01 0.02 0.03 0.04 0.04 0.05 0.06 0.07 0.07 0.08 0.08 0.07 0.07 0.07 0.06 0.05 0.03 0.02 0.01 0 0 0 0 0 0
0 0 0 0 0 0 0 0 0 0 0 0 0 0 0 0 0 0 0 0 0 0 0 0 0 0 0 0 0 0 0 0 0 0 0 0 0 0 0 0 0 0 0
0 0 0 0 0 0 0 0 0 0 0 0 0 0 0 0 0 0 0 0 0 0 0 0 0 0 0 0 0 0 0 0 0 0 0 0 0 0 0 0 0 0 0
0 0 0 0 0 0 0 0 0 0 0 0 0 0 0 0 0 0 0 0 0 0 0 0 0 0 0 0 0 0 0 0 0 0 0 0 0 0 0 0 0 0 0
0 0 0 0 0 0 0 0 0 0 0 0 0 0 0 0 0 0 0 0 0 0 0 0 0 0 0 0 0 0 0 0 0 0 0 0 0 0 0 0 0 0 0
0 0 0 0 0 0 0 0 0 0 0 0 0 0 0 0 0 0 0 0 0 0 0 0 0 0 0 0 0 0 0 0 0 0 0 0 0 0 0 0 0 0 0
0 0 0 0 0 0 0 0 0 0 0 0 0 0 0 0 0 0 0 0 0 0 0 0 0 0 0 0 0 0 0 0 0 0 0 0 0 0 0 0 0 0 0
0 0 0 0 0 0 0 0 0 0 0.01 0.01 0.01 0.03 0.03 0.04 0.06 0.08 0.09 0.08 0.07 0.07 0.06 0.04 0.05 0.05 0.06 0.05 0.03 0.03 0.02 0.01 0.01 0 0 0 0 0 0 0 0 0 0
0 0 0 0 0 0 0 0 0 0 0 0.01 0.01 0.01 0.02 0.02 0.02 0.02 0.03 0.04 0.04 0.05 0.06 0.07 0.07 0.09 0.1 0.08 0.06 0.05 0.04 0.04 0.03 0.02 0.01 0.01 0 0 0 0 0 0 0
0 0 0 0 0 0 0 0 0 0 0.01 0.02 0.02 0.03 0.03 0.04 0.04 0.05 0.05 0.06 0.06 0.06 0.06 0.06 0.07 0.07 0.06 0.05 0.04 0.03 0.02 0.02 0.01 0.01 0.01 0.01 0 0 0 0 0 0 0
0 0 0 0 0 0 0 0 0 0 0 0 0.01 0.01 0.01 0.02 0.02 0.02 0.03 0.04 0.04 0.04 0.05 0.05 0.06 0.07 0.08 0.08 0.07 0.06 0.05 0.05 0.04 0.03 0.02 0.01 0.01 0 0 0 0 0 0
0 0 0 0 0 0 0 0 0 0 0 0 0 0 0 0 0 0.01 0.01 0.03 0.04 0.06 0.08 0.08 0.08 0.08 0.1 0.08 0.07 0.07 0.05 0.04 0.03 0.02 0.02 0.02 0.01 0.01 0 0 0 0 0
0 0 0 0 0 0 0 0 0 0 0 0 0 0 0 0 0.01 0 0.01 0.04 0.03 0.06 0.07 0.09 0.08 0.09 0.12 0.08 0.11 0.09 0.05 0.03 0.04 0.01 0.01 0 0 0 0 0 0 0 0
0 0 0 0 0 0 0 0 0 0 0 0.01 0 0.01 0.01 0.01 0.02 0.03 0.02 0.03 0.04 0.05 0.06 0.07 0.07 0.08 0.09 0.09 0.08 0.07 0.05 0.04 0.03 0.02 0 0 0 0 0 0 0 0 0
0 0 0 0 0 0 0 0 0 0 0 0.01 0.01 0.02 0.02 0.03 0.04 0.05 0.06 0.07 0.07 0.08 0.07 0.07 0.06 0.06 0.06 0.05 0.04 0.03 0.03 0.02 0.01 0.01 0.01 0.01 0 0 0 0 0 0 0
0 0 0 0 0 0 0 0 0 0 0 0 0 0.01 0.02 0.03 0.05 0.07 0.07 0.08 0.09 0.08 0.08 0.08 0.07 0.06 0.05 0.05 0.04 0.03 0.02 0.01 0 0 0 0 0 0 0 0 0 0 0
0 0 0 0 0 0 0 0 0 0.01 0.01 0.02 0.03 0.03 0.06 0.07 0.08 0.08 0.08 0.09 0.08 0.08 0.06 0.05 0.04 0.03 0.03 0.02 0.01 0.01 0 0 0 0 0 0 0 0 0 0 0 0 0
0 0 0 0 0 0 0 0 0 0 0 0.01 0.01 0.02 0.02 0.03 0.04 0.05 0.06 0.06 0.06 0.06 0.06 0.06 0.07 0.07 0.08 0.07 0.06 0.04 0.02 0.01 0.01 0.01 0 0 0 0 0 0 0 0 0
0 0 0 0 0 0 0 0 0 0 0.01 0.01 0.02 0.04 0.03 0.03 0.06 0.06 0.08 0.06 0.09 0.1 0.08 0.06 0.05 0.04 0.04 0.05 0.03 0.04 0.02 0 0 0 0 0 0 0 0 0 0 0 0
0 0 0 0 0 0 0 0 0 0 0 0 0 0.01 0.01 0.02 0.03 0.03 0.05 0.06 0.07 0.07 0.08 0.07 0.08 0.08 0.08 0.08 0.06 0.04 0.03 0.02 0.01 0 0 0 0 0 0 0 0 0 0
0 0 0 0 0 0 0 0 0 0 0 0 0 0.01 0.01 0.02 0.02 0.02 0.04 0.05 0.07 0.09 0.1 0.11 0.11 0.09 0.07 0.07 0.06 0.04 0.01 0.01 0 0 0 0 0 0 0 0 0 0 0
0 0 0 0 0 0 0 0 0 0 0 0 0 0 0 0.01 0.01 0.02 0.05 0.04 0.03 0.05 0.09 0.1 0.13 0.11 0.08 0.08 0.06 0.04 0.03 0.02 0.02 0.01 0 0 0 0 0 0 0 0 0
0 0 0 0 0 0 0 0 0 0 0 0 0 0.01 0 0.02 0.02 0.03 0.04 0.04 0.06 0.06 0.04 0.04 0.06 0.05 0.07 0.06 0.07 0.07 0.06 0.05 0.05 0.05 0.03 0.01 0.01 0 0 0 0 0 0
0 0 0 0 0 0 0 0 0 0 0 0 0 0 0 0 0 0 0.01 0.02 0.03 0.05 0.06 0.09 0.08 0.09 0.09 0.1 0.1 0.09 0.09 0.05 0.03 0.01 0.01 0 0 0 0 0 0 0 0
0 0 0 0 0 0 0 0 0 0 0 0 0 0 0 0 0.01 0.03 0.04 0.04 0.04 0.07 0.06 0.05 0.06 0.08 0.09 0.11 0.1 0.09 0.04 0.03 0.03 0.01 0 0 0 0 0 0 0 0 0
0 0 0 0 0 0 0 0 0 0 0 0 0 0 0 0 0 0 0.02 0.04 0.06 0.08 0.08 0.06 0.07 0.06 0.06 0.04 0.05 0.09 0.08 0.06 0.05 0.05 0.03 0.02 0.01 0 0 0 0 0 0
0 0 0 0 0 0 0 0 0 0 0 0 0 0 0 0 0 0 0 0.01 0.02 0.03 0.04 0.06 0.07 0.1 0.1 0.12 0.13 0.13 0.08 0.05 0.03 0.01 0.01 0 0 0 0 0 0 0 0
0 0 0 0 0 0 0 0 0 0 0 0 0 0 0 0 0 0 0 0 0 0 0 0 0 0 0 0 0 0 0 0 0 0 0 0 0 0 0 0 0 0 0
0 0 0 0 0 0 0 0 0 0 0 0 0 0 0 0.01 0.02 0.02 0.08 0.04 0.06 0.05 0.06 0.07 0.08 0.03 0.02 0.03 0.05 0.06 0.06 0.06 0.06 0.04 0.03 0.02 0.01 0 0.01 0 0 0 0
0 0 0 0 0 0 0 0 0 0 0 0 0 0 0.001 0.001 0.005 0.004 0.008 0.009 0.019 0.028 0.026 0.035 0.044 0.055 0.069 0.098 0.112 0.11 0.101 0.1 0.066 0.053 0.029 0.015 0.008 0.003 0 0.001 0 0 0
0 0 0 0 0 0 0.003 0.004 0.004 0.001 0.003 0.002 0.004 0.006 0.005 0.001 0.001 0.001 0.001 0.004 0.004 0.008 0.012 0.019 0.026 0.036 0.061 0.066 0.105 0.158 0.153 0.123 0.089 0.062 0.022 0.014 0.002 0.001 0 0 0 0 0
0 0 0 0 0 0 0 0 0 0 0 0.001 0 0.001 0.002 0.005 0.006 0.004 0.008 0.014 0.016 0.019 0.022 0.022 0.024 0.027 0.039 0.05 0.089 0.119 0.129 0.126 0.104 0.088 0.044 0.018 0.011 0.006 0.002 0.001 0 0 0
0 0 0 0 0 0 0 1e-04 6e-04 1e-04 8e-04 6e-04 1e-04 0.001 0.0023 0.0043 0.0048 0.011 0.0186 0.0241 0.0258 0.0335 0.0407 0.0402 0.0431 0.0456 0.0456 0.0587 0.0649 0.0784 0.0799 0.1065 0.0899 0.0715 0.0535 0.0227 0.0143 0.0072 0.0059 0.0031 2e-04 0 0
0 0 0 0 0 0 0 0 0 1e-04 2e-04 0.00039 0.00018 0.00107 0.00134 0.00244 0.00434 0.00935 0.01769 0.02864 0.03908 0.05221 0.06375 0.06266 0.0648 0.07078 0.07394 0.07257 0.06536 0.06707 0.061 0.06551 0.0601 0.04657 0.0309 0.01704 0.01206 0.00558 0.00197 0.00103 9e-05 0.00015 4e-05
0 0 0 0 0 0 0 0 0 0 0 0 0.00235 0.00235 0 0 0.00334 0 0 0.0109 0.01855 0.02699 0.02843 0.04115 0.07872 0.06236 0.08531 0.08866 0.10269 0.08971 0.08388 0.07972 0.06703 0.0513 0.02997 0.02327 0.0085 0.00374 0.00734 0.00239 0.00131 0 3e-05

# ETfloh 
0 0 0 0 0 0 0.01 0.02 0 0.06 0.02 0.04 0.01 0.09 0.07 0.07 0.12 0.11 0.1 0.06 0.04 0.06 0.01 0.04 0 0.01 0 0.02 0.02 0 0 0 0 0 0 0 0 0 0 0 0 0 0
0 0 0 0 0.01 0 0 0.02 0.07 0.05 0.06 0.08 0.05 0.13 0.1 0.11 0.06 0.07 0.04 0.03 0.03 0.02 0.02 0.01 0.02 0.02 0 0.01 0 0 0 0 0 0 0 0 0 0 0 0 0 0 0
0 0 0 0 0 0 0 0 0 0 0 0 0 0 0 0 0 0 0 0 0 0 0 0 0 0 0 0 0 0 0 0 0 0 0 0 0 0 0 0 0 0 0
0 0 0 0 0 0 0 0 0 0 0 0 0 0 0 0 0 0 0 0 0 0 0 0 0 0 0 0 0 0 0 0 0 0 0 0 0 0 0 0 0 0 0
0 0 0 0 0 0 0 0 0 0 0 0 0 0 0 0 0 0 0 0 0 0 0 0 0 0 0 0 0 0 0 0 0 0 0 0 0 0 0 0 0 0 0
0 0 0 0 0 0 0 0 0 0 0 0 0 0 0 0 0 0 0 0 0 0 0 0 0 0 0 0 0 0 0 0 0 0 0 0 0 0 0 0 0 0 0
0 0 0 0 0 0 0 0 0 0 0 0 0 0 0 0 0 0 0 0 0 0 0 0 0 0 0 0 0 0 0 0 0 0 0 0 0 0 0 0 0 0 0
0 0 0 0 0 0 0 0 0 0 0 0 0 0 0 0 0 0 0 0 0 0 0 0 0 0 0 0 0 0 0 0 0 0 0 0 0 0 0 0 0 0 0
0 0 0 0 0 0 0 0 0 0 0 0.01 0.01 0.03 0.05 0.07 0.09 0.11 0.11 0.1 0.09 0.07 0.07 0.04 0.04 0.03 0.02 0.02 0.01 0.01 0.01 0 0 0 0 0 0 0 0 0 0 0 0
0 0 0 0 0 0 0 0 0 0 0 0.01 0.01 0.01 0.02 0.04 0.06 0.07 0.08 0.09 0.1 0.11 0.09 0.08 0.06 0.05 0.04 0.03 0.01 0.01 0.01 0 0 0 0 0 0 0 0 0 0 0 0
0 0 0 0 0 0 0 0 0 0.01 0.01 0.02 0.03 0.04 0.06 0.08 0.1 0.11 0.11 0.1 0.08 0.07 0.05 0.04 0.03 0.02 0.01 0.01 0.01 0 0 0 0 0 0 0 0 0 0 0 0 0 0
0 0 0 0 0 0 0 0 0 0 0 0 0.01 0.01 0.02 0.03 0.04 0.05 0.07 0.1 0.09 0.09 0.06 0.06 0.05 0.05 0.05 0.06 0.05 0.05 0.03 0.02 0.01 0 0 0 0 0 0 0 0 0 0
0 0 0 0 0 0 0 0 0 0 0 0 0 0 0.01 0.01 0.04 0.07 0.1 0.15 0.18 0.15 0.11 0.08 0.03 0.03 0.02 0.01 0.01 0.01 0 0 0 0 0 0 0 0 0 0 0 0 0
0 0 0 0 0 0 0 0 0 0 0 0 0 0 0 0.01 0.02 0.05 0.08 0.13 0.16 0.17 0.15 0.1 0.07 0.04 0.02 0 0 0 0 0 0 0 0 0 0 0 0 0 0 0 0
0 0 0 0 0 0 0 0.01 0.01 0.01 0.01 0.02 0.03 0.04 0.05 0.05 0.07 0.1 0.11 0.11 0.1 0.09 0.06 0.05 0.04 0.02 0.02 0.01 0 0 0 0 0 0 0 0 0 0 0 0 0 0 0
0 0 0 0 0 0 0 0 0 0 0.01 0.02 0.03 0.04 0.06 0.07 0.08 0.08 0.09 0.07 0.08 0.06 0.05 0.05 0.04 0.04 0.04 0.02 0.02 0.01 0.01 0.01 0.01 0.01 0 0 0 0 0 0 0 0 0
0 0 0 0 0 0 0 0 0 0 0 0.01 0.02 0.04 0.07 0.1 0.12 0.13 0.11 0.1 0.08 0.07 0.05 0.03 0.02 0.01 0 0 0 0 0 0 0 0 0 0 0 0 0 0 0 0 0
0 0 0 0 0 0 0 0 0 0.01 0.01 0.02 0.04 0.06 0.09 0.11 0.13 0.14 0.12 0.11 0.06 0.04 0.02 0.01 0.01 0 0 0 0 0 0 0 0 0 0 0 0 0 0 0 0 0 0
0 0 0 0 0 0 0 0 0 0 0 0.01 0.02 0.04 0.07 0.1 0.12 0.13 0.13 0.11 0.09 0.07 0.05 0.02 0.01 0.01 0 0 0 0 0 0 0 0 0 0 0 0 0 0 0 0 0
0 0 0 0 0 0 0 0 0 0 0 0.01 0.01 0.03 0.03 0.05 0.07 0.1 0.06 0.07 0.07 0.07 0.04 0.07 0.03 0.03 0.06 0.06 0.02 0.03 0.01 0.02 0.01 0.01 0 0.01 0 0 0 0 0 0 0
0 0 0 0 0 0 0 0 0 0.01 0.01 0.02 0.02 0.03 0.03 0.05 0.08 0.12 0.12 0.11 0.09 0.07 0.06 0.05 0.05 0.03 0.03 0.01 0.01 0.01 0 0 0 0 0 0 0 0 0 0 0 0 0
0 0 0 0 0 0 0 0 0 0 0.01 0.02 0.03 0.05 0.07 0.06 0.07 0.08 0.11 0.1 0.11 0.09 0.06 0.06 0.04 0.02 0.01 0 0 0 0 0 0 0 0 0 0 0 0 0 0 0 0
0 0 0 0 0 0 0 0 0 0 0 0.01 0.01 0.01 0.04 0.06 0.1 0.2 0.16 0.15 0.1 0.07 0.04 0.02 0.01 0 0 0 0 0 0 0 0 0 0 0 0 0 0 0 0 0 0
0 0 0 0 0 0 0 0 0 0 0 0 0.01 0.02 0.02 0.03 0.05 0.08 0.14 0.11 0.1 0.1 0.06 0.04 0.04 0.08 0.05 0.02 0.04 0.01 0.02 0 0 0 0 0 0 0 0 0 0 0 0
0 0 0 0 0 0 0 0 0 0 0 0 0 0 0.01 0.02 0.06 0.12 0.18 0.16 0.15 0.12 0.09 0.05 0.02 0.01 0.01 0 0 0 0 0 0 0 0 0 0 0 0 0 0 0 0
0 0 0 0 0 0 0 0 0 0 0 0 0 0.02 0.03 0.01 0.04 0.13 0.18 0.11 0.13 0.12 0.07 0.08 0.04 0.01 0.01 0 0.01 0 0 0 0 0 0 0 0 0 0 0 0 0 0
0 0 0 0 0 0 0 0 0 0 0 0 0 0 0 0 0 0.04 0.08 0.12 0.11 0.13 0.09 0.11 0.07 0.09 0.07 0.04 0.02 0.01 0 0.01 0 0.01 0 0 0 0 0 0 0 0 0
0 0 0 0 0 0 0 0 0 0 0 0 0 0 0 0 0.01 0.02 0.07 0.12 0.16 0.19 0.14 0.12 0.06 0.05 0.02 0.01 0.01 0 0 0 0 0 0 0 0 0 0 0 0 0 0
0 0 0 0 0 0 0 0 0 0 0 0 0 0 0 0 0 0 0 0 0 0 0 0 0 0 0 0 0 0 0 0 0 0 0 0 0 0 0 0 0 0 0
0 0 0 0 0 0 0 0 0 0 0 0 0 0 0 0.01 0 0.13 0.19 0.17 0.1 0.07 0.09 0.08 0.09 0.06 0 0 0.01 0 0 0 0 0 0 0 0 0 0 0 0 0 0
0 0 0 0 0 0 0 0 0 0 0 0 0 0.005 0.008 0.015 0.019 0.059 0.114 0.106 0.125 0.159 0.124 0.096 0.065 0.039 0.027 0.014 0.013 0.004 0.004 0.002 0.001 0 0 0 0 0 0 0 0 0 0
0 0 0 0 0 0 0 0 0 0 0 0 0.001 0.001 0.001 0.002 0.006 0.011 0.026 0.053 0.092 0.135 0.177 0.176 0.152 0.102 0.04 0.015 0.006 0.003 0 0 0 0 0 0 0 0 0 0 0 0 0
0 0 0 0 0 0 0 0 0 0.001 0.001 0.001 0.001 0.005 0.006 0.005 0.026 0.024 0.039 0.05 0.073 0.111 0.13 0.15 0.14 0.132 0.065 0.026 0.008 0.003 0.001 0 0 0 0 0 0 0 0 0 0 0 0
0 0 0 0 0 0 0 0 0 4e-04 5e-04 4e-04 0.0012 0.0033 0.0073 0.0219 0.0391 0.0777 0.1089 0.1243 0.1377 0.1233 0.1083 0.0746 0.0517 0.0442 0.0349 0.023 0.0104 0.0032 0.0015 0.0016 3e-04 0 0 0 0 0 1e-04 0 0 0 0
0 0 0 0 0 0 0 0 0 4e-05 0 0.00017 0.00024 0.00256 0.00473 0.0133 0.02927 0.06725 0.09867 0.13351 0.14484 0.12207 0.11552 0.08286 0.06527 0.04453 0.03649 0.02069 0.01214 0.00148 0.00287 0.00053 0.00026 0.00048 7e-05 7e-05 0 7e-05 0 0 0 0 0
0 0 0 0 0 0 0 0 0 0 0 0 0.00515 0.00515 0.00286 0.01029 0.02378 0.03952 0.07731 0.15996 0.15781 0.18401 0.1237 0.09833 0.04823 0.02784 0.01865 0.00754 0.00553 0.00068 0.00366 0 0 0 0 0 0 0 0 0 0 0 0

# ETcrum 
0 0 0 0 0 0 0 0 0 0 0 0 0 0 0 0 0 0 0 0 0 0 0 0 0 0 0 0 0 0 0 0 0 0 0 0 0 0 0 0 0 0 0
0 0 0 0 0 0 0 0 0 0 0 0 0 0 0 0 0 0 0 0 0 0 0 0 0 0 0 0 0 0 0 0 0 0 0 0 0 0 0 0 0 0 0
0 0 0 0 0 0 0 0 0 0 0 0 0 0 0 0 0 0 0 0 0 0 0 0 0 0 0 0 0 0 0 0 0 0 0 0 0 0 0 0 0 0 0
0 0 0 0 0 0 0 0 0 0 0 0 0 0 0 0 0 0 0 0 0 0 0 0 0 0 0 0 0 0 0 0 0 0 0 0 0 0 0 0 0 0 0
0 0 0 0 0 0 0 0 0 0 0 0 0 0 0 0 0 0 0 0 0 0 0 0 0 0 0 0 0 0 0 0 0 0 0 0 0 0 0 0 0 0 0
0 0 0 0 0 0 0 0 0 0 0 0 0 0 0 0 0 0 0 0 0 0 0 0 0 0 0 0 0 0 0 0 0 0 0 0 0 0 0 0 0 0 0
0 0 0 0 0 0 0 0 0 0 0 0 0 0 0 0 0 0 0 0 0 0 0 0 0 0 0 0 0 0 0 0 0 0 0 0 0 0 0 0 0 0 0
0 0 0 0 0 0 0 0 0 0 0 0 0 0 0 0 0 0 0 0 0 0 0 0 0 0 0 0 0 0 0 0 0 0 0 0 0 0 0 0 0 0 0
0 0 0 0 0 0 0 0 0 0 0 0 0 0 0 0 0 0 0 0 0 0 0 0 0 0 0 0 0 0 0 0 0 0 0 0 0 0 0 0 0 0 0
0 0 0 0 0 0 0 0 0 0 0 0 0 0 0 0 0 0 0 0 0 0 0 0 0 0 0 0 0 0 0 0 0 0 0 0 0 0 0 0 0 0 0
0 0 0 0 0 0 0 0 0 0 0 0 0 0 0 0 0 0 0 0 0 0 0 0 0 0 0 0 0 0 0 0 0 0 0 0 0 0 0 0 0 0 0
0 0 0 0 0 0 0 0 0 0 0 0 0 0 0 0 0 0 0 0 0 0 0 0 0 0 0 0 0 0 0 0 0 0 0 0 0 0 0 0 0 0 0
0 0 0 0 0 0 0 0 0 0 0 0 0 0 0 0 0 0 0 0 0 0 0 0 0 0 0 0 0 0 0 0 0 0 0 0 0 0 0 0 0 0 0
0 0 0 0 0 0 0 0 0 0 0 0 0 0 0 0 0 0 0 0 0 0 0 0 0 0 0 0 0 0 0 0 0 0 0 0 0 0 0 0 0 0 0
0 0 0 0 0 0 0 0 0 0 0.01 0.01 0.01 0.01 0.02 0.02 0.03 0.03 0.04 0.04 0.06 0.05 0.06 0.05 0.06 0.07 0.07 0.07 0.08 0.06 0.06 0.04 0.03 0.02 0.01 0.01 0 0 0 0 0 0 0
0 0 0 0 0 0 0 0 0 0 0 0 0 0 0 0 0 0 0 0 0 0 0 0 0 0 0 0 0 0 0 0 0 0 0 0 0 0 0 0 0 0 0
0 0 0 0 0 0 0 0 0 0 0 0.01 0.01 0.01 0.02 0.02 0.03 0.03 0.05 0.05 0.07 0.06 0.06 0.07 0.05 0.06 0.05 0.06 0.06 0.05 0.05 0.05 0.04 0.03 0.01 0.01 0.01 0 0 0 0 0 0
0 0 0 0 0 0 0 0.01 0.01 0.01 0.02 0.02 0.02 0.02 0.02 0.02 0.03 0.03 0.03 0.04 0.04 0.04 0.04 0.04 0.05 0.07 0.04 0.06 0.06 0.06 0.05 0.04 0.04 0.02 0.02 0.01 0.01 0 0.01 0 0 0 0
0 0 0 0 0 0 0 0 0.01 0.01 0.01 0.02 0.03 0.04 0.06 0.06 0.05 0.05 0.05 0.04 0.05 0.05 0.05 0.05 0.05 0.05 0.04 0.06 0.04 0.03 0.03 0.02 0.01 0.01 0 0 0 0 0 0 0 0 0
0 0 0 0 0 0 0.01 0.01 0.01 0.02 0.02 0.03 0.04 0.05 0.06 0.07 0.06 0.08 0.06 0.06 0.05 0.05 0.05 0.05 0.05 0.04 0.04 0.03 0.02 0.01 0.01 0 0 0 0 0 0 0 0 0 0 0 0
0 0 0 0 0 0 0 0 0 0.01 0.01 0.01 0.02 0.02 0.03 0.03 0.04 0.05 0.06 0.05 0.06 0.09 0.1 0.07 0.07 0.06 0.05 0.04 0.03 0.02 0.02 0.02 0.02 0.01 0 0 0 0 0 0 0 0 0
0 0 0 0 0 0 0 0.01 0.01 0.02 0.02 0.02 0.03 0.03 0.04 0.04 0.05 0.05 0.05 0.05 0.06 0.08 0.08 0.05 0.06 0.06 0.05 0.04 0.03 0.03 0.02 0.01 0.01 0 0 0 0 0 0 0 0 0 0
0 0 0 0 0 0 0 0 0 0 0.01 0.02 0.02 0.03 0.04 0.05 0.05 0.06 0.05 0.06 0.06 0.07 0.08 0.07 0.06 0.06 0.05 0.06 0.03 0.02 0.02 0.01 0.01 0 0 0 0 0 0 0 0 0 0
0 0 0 0 0 0 0 0 0 0.01 0.01 0.01 0.02 0.02 0.03 0.03 0.04 0.04 0.05 0.05 0.07 0.07 0.1 0.1 0.09 0.07 0.05 0.04 0.03 0.03 0.02 0.01 0.01 0 0 0 0 0 0 0 0 0 0
0 0 0 0 0 0 0 0 0 0 0 0.01 0.01 0.01 0.02 0.02 0.03 0.04 0.05 0.06 0.07 0.06 0.07 0.06 0.07 0.08 0.08 0.08 0.06 0.04 0.04 0.02 0.01 0.01 0 0 0 0 0 0 0 0 0
0 0 0 0 0 0 0 0 0 0 0 0 0 0 0 0 0 0 0 0 0 0 0 0 0 0 0 0 0 0 0 0 0 0 0 0 0 0 0 0 0 0 0
0 0 0 0 0 0 0 0 0 0 0 0 0.01 0.01 0.01 0.01 0.02 0.03 0.03 0.04 0.04 0.05 0.05 0.07 0.08 0.09 0.09 0.09 0.08 0.06 0.05 0.04 0.02 0.01 0 0 0 0 0 0 0 0 0
0 0 0 0 0 0 0 0 0 0 0 0.01 0.01 0.01 0.01 0.02 0.02 0.02 0.03 0.03 0.04 0.04 0.05 0.06 0.06 0.07 0.08 0.1 0.09 0.09 0.07 0.04 0.03 0.02 0.01 0 0 0 0 0 0 0 0
0 0 0 0 0 0 0 0 0 0 0 0 0 0.01 0.01 0.01 0.01 0.01 0.02 0.03 0.03 0.04 0.06 0.08 0.09 0.08 0.08 0.08 0.07 0.08 0.07 0.05 0.03 0.02 0.01 0.01 0 0 0.01 0 0 0 0
0 0 0 0 0 0 0 0 0 0 0 0 0 0 0 0.01 0.01 0.01 0.02 0.02 0.02 0.03 0.04 0.06 0.07 0.08 0.08 0.09 0.09 0.09 0.08 0.07 0.05 0.04 0.03 0.01 0.01 0 0 0 0 0 0
0 0 0 0 0 0 0 0 0 0 0 0 0 0 0 0 0 0 0.01 0.01 0.02 0.03 0.04 0.06 0.08 0.08 0.09 0.11 0.1 0.09 0.09 0.06 0.05 0.03 0.03 0.01 0 0 0 0 0 0 0
0 0 0 0 0 0 0 0 0 0 0 0 0 0 0.001 0.005 0.005 0.008 0.009 0.013 0.014 0.016 0.035 0.041 0.052 0.07 0.071 0.083 0.076 0.088 0.089 0.082 0.076 0.06 0.04 0.029 0.016 0.008 0.008 0.002 0 0.001 0
0 0 0 0 0 0 0 0 0 0 0.001 0.001 0.001 0.002 0.003 0.003 0.005 0.006 0.007 0.012 0.014 0.025 0.039 0.048 0.049 0.071 0.08 0.086 0.077 0.085 0.083 0.068 0.065 0.052 0.043 0.033 0.019 0.013 0.005 0.002 0.001 0.001 0
0 0 0 0 0 0.000486573 0.003047678 0.004219862 0.009453689 0.011706647 0.010134677 0.013780633 0.012577357 0.013094612 0.016754833 0.016391856 0.014683021 0.017749543 0.024593794 0.029802298 0.03077757 0.035522561 0.040927023 0.045903731 0.047598117 0.059831365 0.054177919 0.068650768 0.060542828 0.064271753 0.071322965 0.057044211 0.043287881 0.04104997 0.031760341 0.014393875 0.009491941 0.005342071 0.002720967 0.001444774 0.000271896 0.001189671 0.013998725
0 0 0 0 0 0.004297085 0 0.003618974 0.015904661 0.036338239 0.051601621 0.030211116 0.036714732 0.043832762 0.016167441 0.029787344 0.027513617 0.035272058 0.036892637 0.040649841 0.040108293 0.042876882 0.046088995 0.044962175 0.047984468 0.050182561 0.043649693 0.045931831 0.040049207 0.033296903 0.035344268 0.029805837 0.027265138 0.016955157 0.015569205 0.011291129 0.00647298 0.005588564 0.002562235 0.001597819 0.002263362 0.000584786 0.000291645
0 0 0 0 0 0 0 0 0 0 0 0 0 0 0 0 0 0 0 0 0 0 0 0 0 0 0 0 0 0 0 0 0 0 0 0 0 0 0 0 0 0 0

# ETcruh 
0 0 0 0 0 0 0 0 0 0 0 0 0 0 0 0 0 0 0 0 0 0 0 0 0 0 0 0 0 0 0 0 0 0 0 0 0 0 0 0 0 0 0
0 0 0 0 0 0 0 0 0 0 0 0 0 0 0 0 0 0 0 0 0 0 0 0 0 0 0 0 0 0 0 0 0 0 0 0 0 0 0 0 0 0 0
0 0 0 0 0 0 0 0 0 0 0 0 0 0 0 0 0 0 0 0 0 0 0 0 0 0 0 0 0 0 0 0 0 0 0 0 0 0 0 0 0 0 0
0 0 0 0 0 0 0 0 0 0 0 0 0 0 0 0 0 0 0 0 0 0 0 0 0 0 0 0 0 0 0 0 0 0 0 0 0 0 0 0 0 0 0
0 0 0 0 0 0 0 0 0 0 0 0 0 0 0 0 0 0 0 0 0 0 0 0 0 0 0 0 0 0 0 0 0 0 0 0 0 0 0 0 0 0 0
0 0 0 0 0 0 0 0 0 0 0 0 0 0 0 0 0 0 0 0 0 0 0 0 0 0 0 0 0 0 0 0 0 0 0 0 0 0 0 0 0 0 0
0 0 0 0 0 0 0 0 0 0 0 0 0 0 0 0 0 0 0 0 0 0 0 0 0 0 0 0 0 0 0 0 0 0 0 0 0 0 0 0 0 0 0
0 0 0 0 0 0 0 0 0 0 0 0 0 0 0 0 0 0 0 0 0 0 0 0 0 0 0 0 0 0 0 0 0 0 0 0 0 0 0 0 0 0 0
0 0 0 0 0 0 0 0 0 0 0 0 0 0 0 0 0 0 0 0 0 0 0 0 0 0 0 0 0 0 0 0 0 0 0 0 0 0 0 0 0 0 0
0 0 0 0 0 0 0 0 0 0 0 0 0 0 0 0 0 0 0 0 0 0 0 0 0 0 0 0 0 0 0 0 0 0 0 0 0 0 0 0 0 0 0
0 0 0 0 0 0 0 0 0 0 0 0 0 0 0 0 0 0 0 0 0 0 0 0 0 0 0 0 0 0 0 0 0 0 0 0 0 0 0 0 0 0 0
0 0 0 0 0 0 0 0 0 0 0 0 0 0 0 0 0 0 0 0 0 0 0 0 0 0 0 0 0 0 0 0 0 0 0 0 0 0 0 0 0 0 0
0 0 0 0 0 0 0 0 0 0 0 0 0 0 0 0 0 0 0 0 0 0 0 0 0 0 0 0 0 0 0 0 0 0 0 0 0 0 0 0 0 0 0
0 0 0 0 0 0 0 0 0 0 0 0 0 0 0 0 0 0 0 0 0 0 0 0 0 0 0 0 0 0 0 0 0 0 0 0 0 0 0 0 0 0 0
0 0 0 0 0 0 0 0 0.01 0.01 0.02 0.02 0.04 0.07 0.1 0.14 0.17 0.14 0.1 0.05 0.03 0.01 0.01 0.01 0.01 0.01 0 0 0 0 0 0 0 0 0 0 0 0 0 0 0 0 0
0 0 0 0 0 0 0 0 0 0 0 0 0 0 0 0 0 0 0 0 0 0 0 0 0 0 0 0 0 0 0 0 0 0 0 0 0 0 0 0 0 0 0
0 0 0 0 0 0 0.01 0.02 0.02 0.04 0.06 0.08 0.09 0.08 0.08 0.06 0.05 0.04 0.06 0.06 0.06 0.05 0.04 0.03 0.03 0.02 0 0 0 0 0 0 0 0 0 0 0 0 0 0 0 0 0
0 0 0 0 0 0 0 0 0.01 0.04 0.04 0.06 0.04 0.05 0.06 0.05 0.06 0.07 0.07 0.07 0.07 0.08 0.07 0.05 0.04 0.02 0.02 0.02 0.01 0.01 0 0 0 0 0 0 0 0 0 0 0 0 0
0 0 0 0 0 0 0 0 0.01 0.01 0.02 0.04 0.09 0.12 0.14 0.12 0.07 0.06 0.07 0.06 0.05 0.04 0.04 0.03 0.01 0.01 0.01 0 0 0 0 0 0 0 0 0 0 0 0 0 0 0 0
0 0 0 0 0 0 0 0 0.01 0.01 0.03 0.04 0.06 0.08 0.11 0.12 0.12 0.11 0.08 0.06 0.05 0.03 0.02 0.01 0.01 0.01 0 0 0 0 0 0 0 0 0 0 0 0 0 0 0 0 0
0 0 0 0 0 0 0 0 0 0 0.01 0.02 0.03 0.05 0.06 0.09 0.11 0.11 0.09 0.06 0.07 0.06 0.07 0.04 0.04 0.03 0.02 0.01 0.01 0 0 0 0 0 0 0 0 0 0 0 0 0 0
0 0 0 0 0 0 0 0 0 0.01 0.02 0.03 0.04 0.04 0.06 0.09 0.11 0.1 0.1 0.09 0.08 0.08 0.06 0.02 0.02 0.02 0.01 0.01 0 0 0 0 0 0 0 0 0 0 0 0 0 0 0
0 0 0 0 0 0 0 0 0 0.01 0.02 0.02 0.05 0.05 0.08 0.08 0.09 0.12 0.09 0.1 0.08 0.06 0.05 0.02 0.02 0.01 0.01 0.01 0 0 0 0 0 0 0 0 0 0 0 0 0 0 0
0 0 0 0 0 0 0 0 0 0.01 0.02 0.02 0.03 0.05 0.06 0.08 0.11 0.15 0.14 0.11 0.07 0.04 0.04 0.02 0.01 0.01 0.01 0.01 0 0 0 0 0 0 0 0 0 0 0 0 0 0 0
0 0 0 0 0 0 0 0 0 0 0 0 0.01 0.02 0.04 0.08 0.12 0.14 0.15 0.13 0.12 0.08 0.05 0.03 0.02 0.01 0.01 0.01 0 0 0 0 0 0 0 0 0 0 0 0 0 0 0
0 0 0 0 0 0 0 0 0 0 0 0 0 0 0 0 0 0 0 0 0 0 0 0 0 0 0 0 0 0 0 0 0 0 0 0 0 0 0 0 0 0 0
0 0 0 0 0 0 0 0 0 0 0 0.01 0.02 0.02 0.03 0.05 0.12 0.15 0.17 0.14 0.12 0.07 0.04 0.02 0.02 0 0 0 0 0 0 0 0 0 0 0 0 0 0 0 0 0 0
0 0 0 0 0 0 0 0 0 0 0 0 0.01 0.02 0.02 0.02 0.04 0.07 0.13 0.16 0.2 0.15 0.08 0.05 0.02 0.01 0.01 0 0 0 0 0 0 0 0 0 0 0 0 0 0 0 0
0 0 0 0 0 0 0 0 0 0 0 0.01 0 0.02 0.01 0.03 0.05 0.07 0.11 0.1 0.15 0.14 0.12 0.05 0.03 0.02 0.01 0.02 0.02 0.01 0.01 0.01 0.01 0.01 0 0 0 0 0 0 0 0 0
0 0 0 0 0 0 0 0 0 0 0 0 0 0 0.01 0.01 0.02 0.04 0.06 0.1 0.16 0.17 0.15 0.1 0.07 0.04 0.02 0.01 0.01 0.01 0.01 0 0 0 0 0 0 0 0 0 0 0 0
0 0 0 0 0 0 0 0 0 0 0 0 0 0 0 0 0.01 0.05 0.07 0.12 0.13 0.16 0.16 0.12 0.07 0.06 0.02 0.01 0 0.01 0 0 0 0 0 0 0 0 0 0 0 0 0
0 0 0 0 0 0 0 0 0 0 0 0.001 0.001 0.002 0.003 0.014 0.014 0.022 0.037 0.053 0.098 0.11 0.147 0.123 0.123 0.084 0.045 0.036 0.033 0.026 0.015 0.006 0.003 0.002 0 0 0.001 0 0 0 0 0 0
0 0 0 0 0 0 0 0 0.001 0 0 0.001 0.001 0.002 0.003 0.008 0.015 0.018 0.024 0.032 0.054 0.056 0.082 0.096 0.119 0.104 0.104 0.067 0.078 0.048 0.045 0.025 0.011 0.006 0.001 0.001 0 0 0 0 0 0 0
0 0 0 0 0 0 0.002714511 0.002035884 0.004253119 0.00569106 0.014100061 0.029419179 0.031909051 0.049701619 0.053369523 0.08421695 0.087455192 0.087442392 0.096673611 0.12181732 0.093341387 0.076045478 0.060942824 0.035632583 0.021188429 0.015999455 0.00791162 0.004738541 0.00297914 0.002440514 0.000993978 0 0.000726919 0.000200746 0.000602237 0.000468406 7e-05 7e-05 0.00013383 0.00013383 0 0 0.004586781
0 0 0 0 0 0 0 0 0.002316212 0.015448421 0.025153312 0.021397487 0.046188778 0.052960809 0.052593103 0.061291357 0.095937206 0.100815004 0.110255204 0.094621492 0.071516823 0.06532441 0.040263547 0.033926973 0.020610141 0.02145206 0.017365918 0.015502012 0.011255657 0.00661757 0.010298654 0.003113228 0.000995954 0.001228682 0.001177721 0.00037226 0 0 0 0 0 0 0
0 0 0 0 0 0 0 0 0 0 0 0 0 0 0 0 0 0 0 0 0 0 0 0 0 0 0 0 0 0 0 0 0 0 0 0 0 0 0 0 0 0 0

# Msex 
 0.033 0.04 0.049 0.061 0.074 0.091 0.11 0.133 0.16 0.192 0.228 0.268 0.313 0.361 0.412 0.466 0.52 0.574 0.626 0.675 0.721 0.762 0.799 0.832 0.86 0.884 0.905 0.922 0.936 0.948 0.958 0.966 0.972 0.977 0.982 0.985 0.988 0.99 0.992 0.994 0.995 1 1 

# Wt_m 
 0.784 1.041 1.349 1.712 2.135 2.623 3.179 3.808 4.515 5.304 6.18 7.147 8.209 9.372 10.639 12.015 13.504 15.111 16.841 18.697 20.684 22.807 25.07 27.477 30.033 32.742 35.608 38.637 41.832 45.199 48.74 52.461 56.366 60.459 64.746 69.229 73.914 78.806 83.907 89.224 94.759 100.518 106.505 

# Wt_h 
 1.33 1.737 2.216 2.773 3.413 4.141 4.961 5.88 6.901 8.029 9.27 10.627 12.106 13.712 15.448 17.319 19.331 21.486 23.791 26.248 28.863 31.64 34.583 37.696 40.984 44.451 48.1 51.938 55.966 60.19 64.614 69.242 74.077 79.125 84.388 89.871 95.578 101.514 107.681 114.083 120.726 127.612 134.746 

# cv_Rt_No_Rm 
 0.6 0.6 0.2 

# dt_des_cpue_cru 
 0.67 0.5 0.5 

# Param 
52.8 0.151 19 0.1 0.3
45.6 0.174 19 0.1 0.3
0.1 0.1 0.1 0.1 0.1

# h 
 1 

# q_crucv 
 1 1000.05 

# A50m 
 5 2 

# A50h 
 5 2 

# Acruh 
 5 2 

# Acrum 
 5 2 

# nbloq_flo 
 1 1985 

# nbloq_cru 
 2 1985 2004 

# nbloq_qcpue 
 1 1985 

# nbloq_qcru 
 2 1985 2004 

# Fasq_flocru 
 3 5 

# FasS_flocru 
 6 6 

# Fas_par 
 4 5 -4 

# Fas_F 
 3 

# dev_R 
 2 

# dev_No 
 2 

# Fas_pRm 
 -6 

# Fas_Fpbr 
 6 

# npbr 
 4 

# Tasa_bdpr 
 0.3 0.4 0.45 0.49 

# yr_proy 
 20 

# pry_nR 
 1 

# opt_sim 
 1 

