# nyrs 
 34 

# nages 
 11 

# ntallas 
 43 

# Ind 
1985 1897 0 0 0.5 0.1 0.15 0.3 0.05 50 50 25 25
1986 1752 0 0 0.5 0.1 0.15 0.3 0.05 50 50 25 25
1987 1114 0.4101 0 0.5 0.1 0.15 0.3 0.05 50 50 25 25
1988 3025 0.4901 0 0.5 0.1 0.15 0.3 0.05 50 50 25 25
1989 1436 0.6105 0 0.5 0.1 0.15 0.3 0.05 50 50 25 25
1990 1126 0.2455 0 0.5 0.1 0.15 0.3 0.05 50 50 25 25
1991 2230 0.793 0 0.5 0.1 0.15 0.3 0.05 50 50 25 25
1992 779 0 0 0.5 0.1 0.15 0.3 0.05 50 50 25 25
1993 877 0.9676 0 0.511 0.1 0.15 0.3 0.05 50 50 25 25
1994 889 1.1104 0 0.521 0.1 0.15 0.3 0.05 50 50 25 25
1995 1853 1.1376 0 0.537 0.1 0.15 0.3 0.05 50 50 25 25
1996 2688 1.5046 0 0.46 0.1 0.15 0.3 0.05 50 50 25 25
1997 1753 1.2357 9171 0.281 0.1 0.15 0.3 0.05 50 50 25 25
1998 2198 0.9303 0 0.406 0.1 0.15 0.3 0.05 50 50 25 25
1999 3997 0.5742 4270 0.443 0.1 0.15 0.3 0.05 50 50 25 25
2000 3832 0.597 7296 0.315 0.1 0.15 0.3 0.05 50 50 25 25
2001 1898 0.6834 4557 0.467 0.1 0.15 0.3 0.05 50 50 25 25
2002 602 0.571 9071 0.432 0.1 0.15 0.3 0.05 50 50 25 25
2003 1775 0.6072 5294 0.482 0.1 0.15 0.3 0.05 50 50 25 25
2004 1000 0.7918 12662 0.427 0.1 0.15 0.3 0.05 50 50 25 25
2005 1792 1.1864 17019 0.451 0.1 0.15 0.3 0.05 50 50 25 25
2006 1357 1.221 6987 0.383 0.1 0.15 0.3 0.05 50 50 25 25
2007 891 1.7327 15686 0.309 0.1 0.15 0.3 0.05 50 50 25 25
2008 1130 1.5106 13144 0.376 0.1 0.15 0.3 0.05 50 50 25 25
2009 1102 2.1119 22645 0.394 0.1 0.15 0.3 0.05 50 50 25 25
2010 906 0 0 0.44 0.1 0.15 0.3 0.05 50 50 25 25
2011 1051 0 14235 0.576 0.1 0.15 0.3 0.05 50 50 25 25
2012 1176 1.5936 9767 0.233 0.1 0.15 0.3 0.05 50 50 25 25
2013 608 0 9242 0.5 0.1 0.15 0.3 0.05 50 50 25 25
2014 908 0 8067 0.4 0.1 0.15 0.3 0.05 50 50 25 25
2015 1321 1.1878 4554 0.513 0.1 0.15 0.3 0.05 50 50 25 25
2016 1711 0.9546 9495 0.51 0.1 0.15 0.3 0.05 50 50 25 25
2017 885 1.0706 5683 0.49 0.1 0.15 0.3 0.05 50 50 25 25
2018 1300 1.1707 0 0.5 0.1 0.15 0.3 0.05 50 50 25 25

# edades 
 1 2 3 4 5 6 7 8 9 10 11 

# tallas 
 10 11 12 13 14 15 16 17 18 19 20 21 22 23 24 25 26 27 28 29 30 31 32 33 34 35 36 37 38 39 40 41 42 43 44 45 46 47 48 49 50 51 52 

# ETflom 
0 0 0 0 0.01 0 0.01 0.03 0.01 0.01 0.03 0.02 0.01 0.01 0.03 0.04 0.02 0.05 0.08 0.07 0.09 0.06 0.07 0.07 0.05 0.02 0.03 0.03 0.02 0.06 0.02 0.01 0.01 0 0.03 0 0 0 0 0 0 0 0
0 0 0 0 0 0 0 0 0.01 0.01 0.01 0.01 0.01 0.01 0.01 0.01 0.01 0.01 0.01 0.02 0.03 0.04 0.04 0.05 0.06 0.07 0.07 0.08 0.08 0.07 0.07 0.07 0.06 0.05 0.03 0.02 0.01 0 0 0 0 0 0
0 0 0 0 0 0 0 0 0 0 0 0 0 0 0 0 0 0 0 0 0 0 0 0 0 0 0 0 0 0 0 0 0 0 0 0 0 0 0 0 0 0 0
0 0 0 0 0 0 0 0 0 0 0 0 0 0 0 0 0 0 0 0 0 0 0 0 0 0 0 0 0 0 0 0 0 0 0 0 0 0 0 0 0 0 0
0 0 0 0 0 0 0 0 0 0 0 0 0 0 0 0 0 0 0 0 0 0 0 0 0 0 0 0 0 0 0 0 0 0 0 0 0 0 0 0 0 0 0
0 0 0 0 0 0 0 0 0 0 0 0 0 0 0 0 0 0 0 0 0 0 0 0 0 0 0 0 0 0 0 0 0 0 0 0 0 0 0 0 0 0 0
0 0 0 0 0 0 0 0 0 0 0 0 0 0 0 0 0 0 0 0 0 0 0 0 0 0 0 0 0 0 0 0 0 0 0 0 0 0 0 0 0 0 0
0 0 0 0 0 0 0 0 0 0 0 0 0 0 0 0 0 0 0 0 0 0 0 0 0 0 0 0 0 0 0 0 0 0 0 0 0 0 0 0 0 0 0
0 0 0 0 0 0 0 0 0 0 0.01 0.01 0.01 0.03 0.03 0.04 0.06 0.08 0.09 0.08 0.07 0.07 0.06 0.04 0.05 0.05 0.06 0.05 0.03 0.03 0.02 0.01 0.01 0 0 0 0 0 0 0 0 0 0
0 0 0 0 0 0 0 0 0 0 0 0.01 0.01 0.01 0.02 0.02 0.02 0.02 0.03 0.04 0.04 0.05 0.06 0.07 0.07 0.09 0.1 0.08 0.06 0.05 0.04 0.04 0.03 0.02 0.01 0.01 0 0 0 0 0 0 0
0 0 0 0 0 0 0 0 0 0 0.01 0.02 0.02 0.03 0.03 0.04 0.04 0.05 0.05 0.06 0.06 0.06 0.06 0.06 0.07 0.07 0.06 0.05 0.04 0.03 0.02 0.02 0.01 0.01 0.01 0.01 0 0 0 0 0 0 0
0 0 0 0 0 0 0 0 0 0 0 0 0.01 0.01 0.01 0.02 0.02 0.02 0.03 0.04 0.04 0.04 0.05 0.05 0.06 0.07 0.08 0.08 0.07 0.06 0.05 0.05 0.04 0.03 0.02 0.01 0.01 0 0 0 0 0 0
0 0 0 0 0 0 0 0 0 0 0 0 0 0 0 0 0 0.01 0.01 0.03 0.04 0.06 0.08 0.08 0.08 0.08 0.1 0.08 0.07 0.07 0.05 0.04 0.03 0.02 0.02 0.02 0.01 0.01 0 0 0 0 0
0 0 0 0 0 0 0 0 0 0 0 0 0 0 0 0 0.01 0 0.01 0.04 0.03 0.06 0.07 0.09 0.08 0.09 0.12 0.08 0.11 0.09 0.05 0.03 0.04 0.01 0.01 0 0 0 0 0 0 0 0
0 0 0 0 0 0 0 0 0 0 0 0.01 0 0.01 0.01 0.01 0.02 0.03 0.02 0.03 0.04 0.05 0.06 0.07 0.07 0.08 0.09 0.09 0.08 0.07 0.05 0.04 0.03 0.02 0 0 0 0 0 0 0 0 0
0 0 0 0 0 0 0 0 0 0 0 0.01 0.01 0.02 0.02 0.03 0.04 0.05 0.06 0.07 0.07 0.08 0.07 0.07 0.06 0.06 0.06 0.05 0.04 0.03 0.03 0.02 0.01 0.01 0.01 0.01 0 0 0 0 0 0 0
0 0 0 0 0 0 0 0 0 0 0 0 0 0.01 0.02 0.03 0.05 0.07 0.07 0.08 0.09 0.08 0.08 0.08 0.07 0.06 0.05 0.05 0.04 0.03 0.02 0.01 0 0 0 0 0 0 0 0 0 0 0
0 0 0 0 0 0 0 0 0 0.01 0.01 0.02 0.03 0.03 0.06 0.07 0.08 0.08 0.08 0.09 0.08 0.08 0.06 0.05 0.04 0.03 0.03 0.02 0.01 0.01 0 0 0 0 0 0 0 0 0 0 0 0 0
0 0 0 0 0 0 0 0 0 0 0 0.01 0.01 0.02 0.02 0.03 0.04 0.05 0.06 0.06 0.06 0.06 0.06 0.06 0.07 0.07 0.08 0.07 0.06 0.04 0.02 0.01 0.01 0.01 0 0 0 0 0 0 0 0 0
0 0 0 0 0 0 0 0 0 0 0.01 0.01 0.02 0.04 0.03 0.03 0.06 0.06 0.08 0.06 0.09 0.1 0.08 0.06 0.05 0.04 0.04 0.05 0.03 0.04 0.02 0 0 0 0 0 0 0 0 0 0 0 0
0 0 0 0 0 0 0 0 0 0 0 0 0 0.01 0.01 0.02 0.03 0.03 0.05 0.06 0.07 0.07 0.08 0.07 0.08 0.08 0.08 0.08 0.06 0.04 0.03 0.02 0.01 0 0 0 0 0 0 0 0 0 0
0 0 0 0 0 0 0 0 0 0 0 0 0 0.01 0.01 0.02 0.02 0.02 0.04 0.05 0.07 0.09 0.1 0.11 0.11 0.09 0.07 0.07 0.06 0.04 0.01 0.01 0 0 0 0 0 0 0 0 0 0 0
0 0 0 0 0 0 0 0 0 0 0 0 0 0 0 0.01 0.01 0.02 0.05 0.04 0.03 0.05 0.09 0.1 0.13 0.11 0.08 0.08 0.06 0.04 0.03 0.02 0.02 0.01 0 0 0 0 0 0 0 0 0
0 0 0 0 0 0 0 0 0 0 0 0 0 0.01 0 0.02 0.02 0.03 0.04 0.04 0.06 0.06 0.04 0.04 0.06 0.05 0.07 0.06 0.07 0.07 0.06 0.05 0.05 0.05 0.03 0.01 0.01 0 0 0 0 0 0
0 0 0 0 0 0 0 0 0 0 0 0 0 0 0 0 0 0 0.01 0.02 0.03 0.05 0.06 0.09 0.08 0.09 0.09 0.1 0.1 0.09 0.09 0.05 0.03 0.01 0.01 0 0 0 0 0 0 0 0
0 0 0 0 0 0 0 0 0 0 0 0 0 0 0 0 0.01 0.03 0.04 0.04 0.04 0.07 0.06 0.05 0.06 0.08 0.09 0.11 0.1 0.09 0.04 0.03 0.03 0.01 0 0 0 0 0 0 0 0 0
0 0 0 0 0 0 0 0 0 0 0 0 0 0 0 0 0 0 0.02 0.04 0.06 0.08 0.08 0.06 0.07 0.06 0.06 0.04 0.05 0.09 0.08 0.06 0.05 0.05 0.03 0.02 0.01 0 0 0 0 0 0
0 0 0 0 0 0 0 0 0 0 0 0 0 0 0 0 0 0 0 0.01 0.02 0.03 0.04 0.06 0.07 0.1 0.1 0.12 0.13 0.13 0.08 0.05 0.03 0.01 0.01 0 0 0 0 0 0 0 0
0 0 0 0 0 0 0 0 0 0 0 0 0 0 0 0 0 0 0 0 0 0 0 0 0 0 0 0 0 0 0 0 0 0 0 0 0 0 0 0 0 0 0
0 0 0 0 0 0 0 0 0 0 0 0 0 0 0 0.01 0.02 0.02 0.08 0.04 0.06 0.05 0.06 0.07 0.08 0.03 0.02 0.03 0.05 0.06 0.06 0.06 0.06 0.04 0.03 0.02 0.01 0 0.01 0 0 0 0
0 0 0 0 0 0 0 0 0 0 0 0 0 0 0.001 0.001 0.005 0.004 0.008 0.009 0.019 0.028 0.026 0.035 0.044 0.055 0.069 0.098 0.112 0.11 0.101 0.1 0.066 0.053 0.029 0.015 0.008 0.003 0 0.001 0 0 0
0 0 0 0 0 0 0.003 0.004 0.004 0.001 0.003 0.002 0.004 0.006 0.005 0.001 0.001 0.001 0.001 0.004 0.004 0.008 0.012 0.019 0.026 0.036 0.061 0.066 0.105 0.158 0.153 0.123 0.089 0.062 0.022 0.014 0.002 0.001 0 0 0 0 0
0 0 0 0 0 0 0 0 0 0 0 0.001 0 0.001 0.002 0.005 0.006 0.004 0.008 0.014 0.016 0.019 0.022 0.022 0.024 0.027 0.039 0.05 0.089 0.119 0.129 0.126 0.104 0.088 0.044 0.018 0.011 0.006 0.002 0.001 0 0 0
0 0 0 0 0 0 0 0 0 0 0 0.001 0 0.001 0.002 0.004 0.006 0.011 0.017 0.018 0.019 0.028 0.04 0.037 0.045 0.048 0.045 0.051 0.055 0.07 0.069 0.114 0.108 0.087 0.063 0.028 0.014 0.01 0.007 0.001 0 0 0

# ETfloh 
0 0 0 0 0 0 0.01 0.02 0 0.06 0.02 0.04 0.01 0.09 0.07 0.07 0.12 0.11 0.1 0.06 0.04 0.06 0.01 0.04 0 0.01 0 0.02 0.02 0 0 0 0 0 0 0 0 0 0 0 0 0 0
0 0 0 0 0.01 0 0 0.02 0.07 0.05 0.06 0.08 0.05 0.13 0.1 0.11 0.06 0.07 0.04 0.03 0.03 0.02 0.02 0.01 0.02 0.02 0 0.01 0 0 0 0 0 0 0 0 0 0 0 0 0 0 0
0 0 0 0 0 0 0 0 0 0 0 0 0 0 0 0 0 0 0 0 0 0 0 0 0 0 0 0 0 0 0 0 0 0 0 0 0 0 0 0 0 0 0
0 0 0 0 0 0 0 0 0 0 0 0 0 0 0 0 0 0 0 0 0 0 0 0 0 0 0 0 0 0 0 0 0 0 0 0 0 0 0 0 0 0 0
0 0 0 0 0 0 0 0 0 0 0 0 0 0 0 0 0 0 0 0 0 0 0 0 0 0 0 0 0 0 0 0 0 0 0 0 0 0 0 0 0 0 0
0 0 0 0 0 0 0 0 0 0 0 0 0 0 0 0 0 0 0 0 0 0 0 0 0 0 0 0 0 0 0 0 0 0 0 0 0 0 0 0 0 0 0
0 0 0 0 0 0 0 0 0 0 0 0 0 0 0 0 0 0 0 0 0 0 0 0 0 0 0 0 0 0 0 0 0 0 0 0 0 0 0 0 0 0 0
0 0 0 0 0 0 0 0 0 0 0 0 0 0 0 0 0 0 0 0 0 0 0 0 0 0 0 0 0 0 0 0 0 0 0 0 0 0 0 0 0 0 0
0 0 0 0 0 0 0 0 0 0 0 0.01 0.01 0.03 0.05 0.07 0.09 0.11 0.11 0.1 0.09 0.07 0.07 0.04 0.04 0.03 0.02 0.02 0.01 0.01 0.01 0 0 0 0 0 0 0 0 0 0 0 0
0 0 0 0 0 0 0 0 0 0 0 0.01 0.01 0.01 0.02 0.04 0.06 0.07 0.08 0.09 0.1 0.11 0.09 0.08 0.06 0.05 0.04 0.03 0.01 0.01 0.01 0 0 0 0 0 0 0 0 0 0 0 0
0 0 0 0 0 0 0 0 0 0.01 0.01 0.02 0.03 0.04 0.06 0.08 0.1 0.11 0.11 0.1 0.08 0.07 0.05 0.04 0.03 0.02 0.01 0.01 0.01 0 0 0 0 0 0 0 0 0 0 0 0 0 0
0 0 0 0 0 0 0 0 0 0 0 0 0.01 0.01 0.02 0.03 0.04 0.05 0.07 0.1 0.09 0.09 0.06 0.06 0.05 0.05 0.05 0.06 0.05 0.05 0.03 0.02 0.01 0 0 0 0 0 0 0 0 0 0
0 0 0 0 0 0 0 0 0 0 0 0 0 0 0.01 0.01 0.04 0.07 0.1 0.15 0.18 0.15 0.11 0.08 0.03 0.03 0.02 0.01 0.01 0.01 0 0 0 0 0 0 0 0 0 0 0 0 0
0 0 0 0 0 0 0 0 0 0 0 0 0 0 0 0.01 0.02 0.05 0.08 0.13 0.16 0.17 0.15 0.1 0.07 0.04 0.02 0 0 0 0 0 0 0 0 0 0 0 0 0 0 0 0
0 0 0 0 0 0 0 0.01 0.01 0.01 0.01 0.02 0.03 0.04 0.05 0.05 0.07 0.1 0.11 0.11 0.1 0.09 0.06 0.05 0.04 0.02 0.02 0.01 0 0 0 0 0 0 0 0 0 0 0 0 0 0 0
0 0 0 0 0 0 0 0 0 0 0.01 0.02 0.03 0.04 0.06 0.07 0.08 0.08 0.09 0.07 0.08 0.06 0.05 0.05 0.04 0.04 0.04 0.02 0.02 0.01 0.01 0.01 0.01 0.01 0 0 0 0 0 0 0 0 0
0 0 0 0 0 0 0 0 0 0 0 0.01 0.02 0.04 0.07 0.1 0.12 0.13 0.11 0.1 0.08 0.07 0.05 0.03 0.02 0.01 0 0 0 0 0 0 0 0 0 0 0 0 0 0 0 0 0
0 0 0 0 0 0 0 0 0 0.01 0.01 0.02 0.04 0.06 0.09 0.11 0.13 0.14 0.12 0.11 0.06 0.04 0.02 0.01 0.01 0 0 0 0 0 0 0 0 0 0 0 0 0 0 0 0 0 0
0 0 0 0 0 0 0 0 0 0 0 0.01 0.02 0.04 0.07 0.1 0.12 0.13 0.13 0.11 0.09 0.07 0.05 0.02 0.01 0.01 0 0 0 0 0 0 0 0 0 0 0 0 0 0 0 0 0
0 0 0 0 0 0 0 0 0 0 0 0.01 0.01 0.03 0.03 0.05 0.07 0.1 0.06 0.07 0.07 0.07 0.04 0.07 0.03 0.03 0.06 0.06 0.02 0.03 0.01 0.02 0.01 0.01 0 0.01 0 0 0 0 0 0 0
0 0 0 0 0 0 0 0 0 0.01 0.01 0.02 0.02 0.03 0.03 0.05 0.08 0.12 0.12 0.11 0.09 0.07 0.06 0.05 0.05 0.03 0.03 0.01 0.01 0.01 0 0 0 0 0 0 0 0 0 0 0 0 0
0 0 0 0 0 0 0 0 0 0 0.01 0.02 0.03 0.05 0.07 0.06 0.07 0.08 0.11 0.1 0.11 0.09 0.06 0.06 0.04 0.02 0.01 0 0 0 0 0 0 0 0 0 0 0 0 0 0 0 0
0 0 0 0 0 0 0 0 0 0 0 0.01 0.01 0.01 0.04 0.06 0.1 0.2 0.16 0.15 0.1 0.07 0.04 0.02 0.01 0 0 0 0 0 0 0 0 0 0 0 0 0 0 0 0 0 0
0 0 0 0 0 0 0 0 0 0 0 0 0.01 0.02 0.02 0.03 0.05 0.08 0.14 0.11 0.1 0.1 0.06 0.04 0.04 0.08 0.05 0.02 0.04 0.01 0.02 0 0 0 0 0 0 0 0 0 0 0 0
0 0 0 0 0 0 0 0 0 0 0 0 0 0 0.01 0.02 0.06 0.12 0.18 0.16 0.15 0.12 0.09 0.05 0.02 0.01 0.01 0 0 0 0 0 0 0 0 0 0 0 0 0 0 0 0
0 0 0 0 0 0 0 0 0 0 0 0 0 0.02 0.03 0.01 0.04 0.13 0.18 0.11 0.13 0.12 0.07 0.08 0.04 0.01 0.01 0 0.01 0 0 0 0 0 0 0 0 0 0 0 0 0 0
0 0 0 0 0 0 0 0 0 0 0 0 0 0 0 0 0 0.04 0.08 0.12 0.11 0.13 0.09 0.11 0.07 0.09 0.07 0.04 0.02 0.01 0 0.01 0 0.01 0 0 0 0 0 0 0 0 0
0 0 0 0 0 0 0 0 0 0 0 0 0 0 0 0 0.01 0.02 0.07 0.12 0.16 0.19 0.14 0.12 0.06 0.05 0.02 0.01 0.01 0 0 0 0 0 0 0 0 0 0 0 0 0 0
0 0 0 0 0 0 0 0 0 0 0 0 0 0 0 0 0 0 0 0 0 0 0 0 0 0 0 0 0 0 0 0 0 0 0 0 0 0 0 0 0 0 0
0 0 0 0 0 0 0 0 0 0 0 0 0 0 0 0.01 0 0.13 0.19 0.17 0.1 0.07 0.09 0.08 0.09 0.06 0 0 0.01 0 0 0 0 0 0 0 0 0 0 0 0 0 0
0 0 0 0 0 0 0 0 0 0 0 0 0 0.005 0.008 0.015 0.019 0.059 0.114 0.106 0.125 0.159 0.124 0.096 0.065 0.039 0.027 0.014 0.013 0.004 0.004 0.002 0.001 0 0 0 0 0 0 0 0 0 0
0 0 0 0 0 0 0 0 0 0 0 0 0.001 0.001 0.001 0.002 0.006 0.011 0.026 0.053 0.092 0.135 0.177 0.176 0.152 0.102 0.04 0.015 0.006 0.003 0 0 0 0 0 0 0 0 0 0 0 0 0
0 0 0 0 0 0 0 0 0 0.001 0.001 0.001 0.001 0.005 0.006 0.005 0.026 0.024 0.039 0.05 0.073 0.111 0.13 0.15 0.14 0.132 0.065 0.026 0.008 0.003 0.001 0 0 0 0 0 0 0 0 0 0 0 0
0 0 0 0 0 0 0 0 0 0.001 0.001 0 0 0.004 0.008 0.017 0.034 0.074 0.097 0.108 0.132 0.113 0.115 0.084 0.059 0.059 0.049 0.027 0.011 0.004 0.002 0.002 0 0 0 0 0 0 0 0 0 0 0

# ETcrum 
0 0 0 0 0 0 0 0 0 0 0 0 0 0 0 0 0 0 0 0 0 0 0 0 0 0 0 0 0 0 0 0 0 0 0 0 0 0 0 0 0 0 0
0 0 0 0 0 0 0 0 0 0 0 0 0 0 0 0 0 0 0 0 0 0 0 0 0 0 0 0 0 0 0 0 0 0 0 0 0 0 0 0 0 0 0
0 0 0 0 0 0 0 0 0 0 0 0 0 0 0 0 0 0 0 0 0 0 0 0 0 0 0 0 0 0 0 0 0 0 0 0 0 0 0 0 0 0 0
0 0 0 0 0 0 0 0 0 0 0 0 0 0 0 0 0 0 0 0 0 0 0 0 0 0 0 0 0 0 0 0 0 0 0 0 0 0 0 0 0 0 0
0 0 0 0 0 0 0 0 0 0 0 0 0 0 0 0 0 0 0 0 0 0 0 0 0 0 0 0 0 0 0 0 0 0 0 0 0 0 0 0 0 0 0
0 0 0 0 0 0 0 0 0 0 0 0 0 0 0 0 0 0 0 0 0 0 0 0 0 0 0 0 0 0 0 0 0 0 0 0 0 0 0 0 0 0 0
0 0 0 0 0 0 0 0 0 0 0 0 0 0 0 0 0 0 0 0 0 0 0 0 0 0 0 0 0 0 0 0 0 0 0 0 0 0 0 0 0 0 0
0 0 0 0 0 0 0 0 0 0 0 0 0 0 0 0 0 0 0 0 0 0 0 0 0 0 0 0 0 0 0 0 0 0 0 0 0 0 0 0 0 0 0
0 0 0 0 0 0 0 0 0 0 0 0 0 0 0 0 0 0 0 0 0 0 0 0 0 0 0 0 0 0 0 0 0 0 0 0 0 0 0 0 0 0 0
0 0 0 0 0 0 0 0 0 0 0 0 0 0 0 0 0 0 0 0 0 0 0 0 0 0 0 0 0 0 0 0 0 0 0 0 0 0 0 0 0 0 0
0 0 0 0 0 0 0 0 0 0 0 0 0 0 0 0 0 0 0 0 0 0 0 0 0 0 0 0 0 0 0 0 0 0 0 0 0 0 0 0 0 0 0
0 0 0 0 0 0 0 0 0 0 0 0 0 0 0 0 0 0 0 0 0 0 0 0 0 0 0 0 0 0 0 0 0 0 0 0 0 0 0 0 0 0 0
0 0 0 0 0 0 0 0 0 0 0 0 0 0 0 0 0 0 0 0 0 0 0 0 0 0 0 0 0 0 0 0 0 0 0 0 0 0 0 0 0 0 0
0 0 0 0 0 0 0 0 0 0 0 0 0 0 0 0 0 0 0 0 0 0 0 0 0 0 0 0 0 0 0 0 0 0 0 0 0 0 0 0 0 0 0
0 0 0 0 0 0 0 0 0 0 0.01 0.01 0.01 0.01 0.02 0.02 0.03 0.03 0.04 0.04 0.06 0.05 0.06 0.05 0.06 0.07 0.07 0.07 0.08 0.06 0.06 0.04 0.03 0.02 0.01 0.01 0 0 0 0 0 0 0
0 0 0 0 0 0 0 0 0 0 0 0 0 0 0 0 0 0 0 0 0 0 0 0 0 0 0 0 0 0 0 0 0 0 0 0 0 0 0 0 0 0 0
0 0 0 0 0 0 0 0 0 0 0 0.01 0.01 0.01 0.02 0.02 0.03 0.03 0.05 0.05 0.07 0.06 0.06 0.07 0.05 0.06 0.05 0.06 0.06 0.05 0.05 0.05 0.04 0.03 0.01 0.01 0.01 0 0 0 0 0 0
0 0 0 0 0 0 0 0.01 0.01 0.01 0.02 0.02 0.02 0.02 0.02 0.02 0.03 0.03 0.03 0.04 0.04 0.04 0.04 0.04 0.05 0.07 0.04 0.06 0.06 0.06 0.05 0.04 0.04 0.02 0.02 0.01 0.01 0 0.01 0 0 0 0
0 0 0 0 0 0 0 0 0.01 0.01 0.01 0.02 0.03 0.04 0.06 0.06 0.05 0.05 0.05 0.04 0.05 0.05 0.05 0.05 0.05 0.05 0.04 0.06 0.04 0.03 0.03 0.02 0.01 0.01 0 0 0 0 0 0 0 0 0
0 0 0 0 0 0 0.01 0.01 0.01 0.02 0.02 0.03 0.04 0.05 0.06 0.07 0.06 0.08 0.06 0.06 0.05 0.05 0.05 0.05 0.05 0.04 0.04 0.03 0.02 0.01 0.01 0 0 0 0 0 0 0 0 0 0 0 0
0 0 0 0 0 0 0 0 0 0.01 0.01 0.01 0.02 0.02 0.03 0.03 0.04 0.05 0.06 0.05 0.06 0.09 0.1 0.07 0.07 0.06 0.05 0.04 0.03 0.02 0.02 0.02 0.02 0.01 0 0 0 0 0 0 0 0 0
0 0 0 0 0 0 0 0.01 0.01 0.02 0.02 0.02 0.03 0.03 0.04 0.04 0.05 0.05 0.05 0.05 0.06 0.08 0.08 0.05 0.06 0.06 0.05 0.04 0.03 0.03 0.02 0.01 0.01 0 0 0 0 0 0 0 0 0 0
0 0 0 0 0 0 0 0 0 0 0.01 0.02 0.02 0.03 0.04 0.05 0.05 0.06 0.05 0.06 0.06 0.07 0.08 0.07 0.06 0.06 0.05 0.06 0.03 0.02 0.02 0.01 0.01 0 0 0 0 0 0 0 0 0 0
0 0 0 0 0 0 0 0 0 0.01 0.01 0.01 0.02 0.02 0.03 0.03 0.04 0.04 0.05 0.05 0.07 0.07 0.1 0.1 0.09 0.07 0.05 0.04 0.03 0.03 0.02 0.01 0.01 0 0 0 0 0 0 0 0 0 0
0 0 0 0 0 0 0 0 0 0 0 0.01 0.01 0.01 0.02 0.02 0.03 0.04 0.05 0.06 0.07 0.06 0.07 0.06 0.07 0.08 0.08 0.08 0.06 0.04 0.04 0.02 0.01 0.01 0 0 0 0 0 0 0 0 0
0 0 0 0 0 0 0 0 0 0 0 0 0 0 0 0 0 0 0 0 0 0 0 0 0 0 0 0 0 0 0 0 0 0 0 0 0 0 0 0 0 0 0
0 0 0 0 0 0 0 0 0 0 0 0 0.01 0.01 0.01 0.01 0.02 0.03 0.03 0.04 0.04 0.05 0.05 0.07 0.08 0.09 0.09 0.09 0.08 0.06 0.05 0.04 0.02 0.01 0 0 0 0 0 0 0 0 0
0 0 0 0 0 0 0 0 0 0 0 0.01 0.01 0.01 0.01 0.02 0.02 0.02 0.03 0.03 0.04 0.04 0.05 0.06 0.06 0.07 0.08 0.1 0.09 0.09 0.07 0.04 0.03 0.02 0.01 0 0 0 0 0 0 0 0
0 0 0 0 0 0 0 0 0 0 0 0 0 0.01 0.01 0.01 0.01 0.01 0.02 0.03 0.03 0.04 0.06 0.08 0.09 0.08 0.08 0.08 0.07 0.08 0.07 0.05 0.03 0.02 0.01 0.01 0 0 0.01 0 0 0 0
0 0 0 0 0 0 0 0 0 0 0 0 0 0 0 0.01 0.01 0.01 0.02 0.02 0.02 0.03 0.04 0.06 0.07 0.08 0.08 0.09 0.09 0.09 0.08 0.07 0.05 0.04 0.03 0.01 0.01 0 0 0 0 0 0
0 0 0 0 0 0 0 0 0 0 0 0 0 0 0 0 0 0 0.01 0.01 0.02 0.03 0.04 0.06 0.08 0.08 0.09 0.11 0.1 0.09 0.09 0.06 0.05 0.03 0.03 0.01 0 0 0 0 0 0 0
0 0 0 0 0 0 0 0 0 0 0 0 0 0 0.001 0.005 0.005 0.008 0.009 0.013 0.014 0.016 0.035 0.041 0.052 0.07 0.071 0.083 0.076 0.088 0.089 0.082 0.076 0.06 0.04 0.029 0.016 0.008 0.008 0.002 0 0.001 0
0 0 0 0 0 0 0 0 0 0 0.001 0.001 0.001 0.002 0.003 0.003 0.005 0.006 0.007 0.012 0.014 0.025 0.039 0.048 0.049 0.071 0.08 0.086 0.077 0.085 0.083 0.068 0.065 0.052 0.043 0.033 0.019 0.013 0.005 0.002 0.001 0.001 0
0 0 0 0 0 0 0 0 0 0 0 0 0 0 0 0 0 0 0 0 0 0 0 0 0 0 0 0 0 0 0 0 0 0 0 0 0 0 0 0 0 0 0

# ETcruh 
0 0 0 0 0 0 0 0 0 0 0 0 0 0 0 0 0 0 0 0 0 0 0 0 0 0 0 0 0 0 0 0 0 0 0 0 0 0 0 0 0 0 0
0 0 0 0 0 0 0 0 0 0 0 0 0 0 0 0 0 0 0 0 0 0 0 0 0 0 0 0 0 0 0 0 0 0 0 0 0 0 0 0 0 0 0
0 0 0 0 0 0 0 0 0 0 0 0 0 0 0 0 0 0 0 0 0 0 0 0 0 0 0 0 0 0 0 0 0 0 0 0 0 0 0 0 0 0 0
0 0 0 0 0 0 0 0 0 0 0 0 0 0 0 0 0 0 0 0 0 0 0 0 0 0 0 0 0 0 0 0 0 0 0 0 0 0 0 0 0 0 0
0 0 0 0 0 0 0 0 0 0 0 0 0 0 0 0 0 0 0 0 0 0 0 0 0 0 0 0 0 0 0 0 0 0 0 0 0 0 0 0 0 0 0
0 0 0 0 0 0 0 0 0 0 0 0 0 0 0 0 0 0 0 0 0 0 0 0 0 0 0 0 0 0 0 0 0 0 0 0 0 0 0 0 0 0 0
0 0 0 0 0 0 0 0 0 0 0 0 0 0 0 0 0 0 0 0 0 0 0 0 0 0 0 0 0 0 0 0 0 0 0 0 0 0 0 0 0 0 0
0 0 0 0 0 0 0 0 0 0 0 0 0 0 0 0 0 0 0 0 0 0 0 0 0 0 0 0 0 0 0 0 0 0 0 0 0 0 0 0 0 0 0
0 0 0 0 0 0 0 0 0 0 0 0 0 0 0 0 0 0 0 0 0 0 0 0 0 0 0 0 0 0 0 0 0 0 0 0 0 0 0 0 0 0 0
0 0 0 0 0 0 0 0 0 0 0 0 0 0 0 0 0 0 0 0 0 0 0 0 0 0 0 0 0 0 0 0 0 0 0 0 0 0 0 0 0 0 0
0 0 0 0 0 0 0 0 0 0 0 0 0 0 0 0 0 0 0 0 0 0 0 0 0 0 0 0 0 0 0 0 0 0 0 0 0 0 0 0 0 0 0
0 0 0 0 0 0 0 0 0 0 0 0 0 0 0 0 0 0 0 0 0 0 0 0 0 0 0 0 0 0 0 0 0 0 0 0 0 0 0 0 0 0 0
0 0 0 0 0 0 0 0 0 0 0 0 0 0 0 0 0 0 0 0 0 0 0 0 0 0 0 0 0 0 0 0 0 0 0 0 0 0 0 0 0 0 0
0 0 0 0 0 0 0 0 0 0 0 0 0 0 0 0 0 0 0 0 0 0 0 0 0 0 0 0 0 0 0 0 0 0 0 0 0 0 0 0 0 0 0
0 0 0 0 0 0 0 0 0.01 0.01 0.02 0.02 0.04 0.07 0.1 0.14 0.17 0.14 0.1 0.05 0.03 0.01 0.01 0.01 0.01 0.01 0 0 0 0 0 0 0 0 0 0 0 0 0 0 0 0 0
0 0 0 0 0 0 0 0 0 0 0 0 0 0 0 0 0 0 0 0 0 0 0 0 0 0 0 0 0 0 0 0 0 0 0 0 0 0 0 0 0 0 0
0 0 0 0 0 0 0.01 0.02 0.02 0.04 0.06 0.08 0.09 0.08 0.08 0.06 0.05 0.04 0.06 0.06 0.06 0.05 0.04 0.03 0.03 0.02 0 0 0 0 0 0 0 0 0 0 0 0 0 0 0 0 0
0 0 0 0 0 0 0 0 0.01 0.04 0.04 0.06 0.04 0.05 0.06 0.05 0.06 0.07 0.07 0.07 0.07 0.08 0.07 0.05 0.04 0.02 0.02 0.02 0.01 0.01 0 0 0 0 0 0 0 0 0 0 0 0 0
0 0 0 0 0 0 0 0 0.01 0.01 0.02 0.04 0.09 0.12 0.14 0.12 0.07 0.06 0.07 0.06 0.05 0.04 0.04 0.03 0.01 0.01 0.01 0 0 0 0 0 0 0 0 0 0 0 0 0 0 0 0
0 0 0 0 0 0 0 0 0.01 0.01 0.03 0.04 0.06 0.08 0.11 0.12 0.12 0.11 0.08 0.06 0.05 0.03 0.02 0.01 0.01 0.01 0 0 0 0 0 0 0 0 0 0 0 0 0 0 0 0 0
0 0 0 0 0 0 0 0 0 0 0.01 0.02 0.03 0.05 0.06 0.09 0.11 0.11 0.09 0.06 0.07 0.06 0.07 0.04 0.04 0.03 0.02 0.01 0.01 0 0 0 0 0 0 0 0 0 0 0 0 0 0
0 0 0 0 0 0 0 0 0 0.01 0.02 0.03 0.04 0.04 0.06 0.09 0.11 0.1 0.1 0.09 0.08 0.08 0.06 0.02 0.02 0.02 0.01 0.01 0 0 0 0 0 0 0 0 0 0 0 0 0 0 0
0 0 0 0 0 0 0 0 0 0.01 0.02 0.02 0.05 0.05 0.08 0.08 0.09 0.12 0.09 0.1 0.08 0.06 0.05 0.02 0.02 0.01 0.01 0.01 0 0 0 0 0 0 0 0 0 0 0 0 0 0 0
0 0 0 0 0 0 0 0 0 0.01 0.02 0.02 0.03 0.05 0.06 0.08 0.11 0.15 0.14 0.11 0.07 0.04 0.04 0.02 0.01 0.01 0.01 0.01 0 0 0 0 0 0 0 0 0 0 0 0 0 0 0
0 0 0 0 0 0 0 0 0 0 0 0 0.01 0.02 0.04 0.08 0.12 0.14 0.15 0.13 0.12 0.08 0.05 0.03 0.02 0.01 0.01 0.01 0 0 0 0 0 0 0 0 0 0 0 0 0 0 0
0 0 0 0 0 0 0 0 0 0 0 0 0 0 0 0 0 0 0 0 0 0 0 0 0 0 0 0 0 0 0 0 0 0 0 0 0 0 0 0 0 0 0
0 0 0 0 0 0 0 0 0 0 0 0.01 0.02 0.02 0.03 0.05 0.12 0.15 0.17 0.14 0.12 0.07 0.04 0.02 0.02 0 0 0 0 0 0 0 0 0 0 0 0 0 0 0 0 0 0
0 0 0 0 0 0 0 0 0 0 0 0 0.01 0.02 0.02 0.02 0.04 0.07 0.13 0.16 0.2 0.15 0.08 0.05 0.02 0.01 0.01 0 0 0 0 0 0 0 0 0 0 0 0 0 0 0 0
0 0 0 0 0 0 0 0 0 0 0 0.01 0 0.02 0.01 0.03 0.05 0.07 0.11 0.1 0.15 0.14 0.12 0.05 0.03 0.02 0.01 0.02 0.02 0.01 0.01 0.01 0.01 0.01 0 0 0 0 0 0 0 0 0
0 0 0 0 0 0 0 0 0 0 0 0 0 0 0.01 0.01 0.02 0.04 0.06 0.1 0.16 0.17 0.15 0.1 0.07 0.04 0.02 0.01 0.01 0.01 0.01 0 0 0 0 0 0 0 0 0 0 0 0
0 0 0 0 0 0 0 0 0 0 0 0 0 0 0 0 0.01 0.05 0.07 0.12 0.13 0.16 0.16 0.12 0.07 0.06 0.02 0.01 0 0.01 0 0 0 0 0 0 0 0 0 0 0 0 0
0 0 0 0 0 0 0 0 0 0 0 0.001 0.001 0.002 0.003 0.014 0.014 0.022 0.037 0.053 0.098 0.11 0.147 0.123 0.123 0.084 0.045 0.036 0.033 0.026 0.015 0.006 0.003 0.002 0 0 0.001 0 0 0 0 0 0
0 0 0 0 0 0 0 0 0.001 0 0 0.001 0.001 0.002 0.003 0.008 0.015 0.018 0.024 0.032 0.054 0.056 0.082 0.096 0.119 0.104 0.104 0.067 0.078 0.048 0.045 0.025 0.011 0.006 0.001 0.001 0 0 0 0 0 0 0
0 0 0 0 0 0 0 0 0 0 0 0 0 0 0 0 0 0 0 0 0 0 0 0 0 0 0 0 0 0 0 0 0 0 0 0 0 0 0 0 0 0 0

# Msex 
 0.033 0.04 0.049 0.061 0.074 0.091 0.11 0.133 0.16 0.192 0.228 0.268 0.313 0.361 0.412 0.466 0.52 0.574 0.626 0.675 0.721 0.762 0.799 0.832 0.86 0.884 0.905 0.922 0.936 0.948 0.958 0.966 0.972 0.977 0.982 0.985 0.988 0.99 0.992 0.994 0.995 1 1 

# Wt_m 
 0.6308 0.8429 1.0985 1.4017 1.7567 2.1678 2.6392 3.1752 3.7801 4.4582 5.2138 6.0513 6.9751 7.9896 9.0992 10.3082 11.6211 13.0425 14.5766 16.2281 18.0014 19.901 21.9314 24.0971 26.4028 28.8529 31.452 34.2047 37.1155 40.1891 43.4301 46.8431 50.4327 54.2035 58.1603 62.3076 66.6501 71.1926 75.9396 80.8958 86.0661 91.455 97.0674 

# Wt_h 
 0.7193 0.9502 1.2254 1.5486 1.9236 2.3542 2.8442 3.3972 4.017 4.7073 5.4719 6.3145 7.2387 8.2483 9.347 10.5385 11.8264 13.2146 14.7065 16.306 18.0168 19.8424 21.7866 23.853 26.0454 28.3673 30.8226 33.4147 36.1474 39.0244 42.0493 45.2257 48.5574 52.048 55.7011 59.5204 63.5096 67.6722 72.0121 76.5327 81.2377 86.1309 91.2158 

# cv_Rt_No_Rm 
 0.6 0.6 0.2 

# dt_des_cpue_cru 
 0.67 0.5 0.5 

# Param 
52.8 0.151 19 0.1 0.3
45.6 0.174 19 0.1 0.3
0.1 0.1 0.1 0.1 0.1

# h 
 1 

# q_crucv 
 1 1000.05 

# A50m 
 5 2 

# A50h 
 5 2 

# Acruh 
 5 2 

# Acrum 
 5 2 

# nbloq_flo 
 1 1985 

# nbloq_cru 
 1 1985 

# nbloq_qcpue 
 1 1985 

# nbloq_qcru 
 3 1985 2004 2014 

# Fasq_flocru 
 3 5 

# FasS_flocru 
 6 6 

# Fas_par 
 4 5 -4 

# Fas_F 
 3 

# dev_R 
 2 

# dev_No 
 2 

# Fas_pRm 
 -6 

# Fas_Fpbr 
 6 

# npbr 
 4 

# Tasa_bdpr 
 0.3 0.4 0.45 0.49 

# yr_proy 
 20 

# pry_nR 
 1 

# opt_sim 
 1 


