# Number of parameters = 154 Objective function value = 11399.1385442380  Maximum gradient component = 4.23275487519737e-05
# log_A50flom:
 1.28466474941441
# log_sdA50flom:
 0.576746913113295
# log_A50floh:
 1.34773742243946
# log_sdA50floh:
 0.101515177686141
# log_A50cruh:
 0.946212142443801 1.18314187165837
# log_sdA50cruh:
 -0.327937748009586 -0.306379174534296
# log_A50crum:
 1.65094820656843 1.29734729737459
# log_sdA50crum:
 1.10028234688020 0.978489987899231
# log_Ro:
4.66096469086
# log_propmR:
-0.693140000000
# log_dev_Ro:
 -0.478438805754 -0.603044672718 0.905996313219 -0.0458241703884 0.343218072793 0.173799234934 0.520736878872 0.579010111781 0.447234938504 -0.247365615006 0.227803977817 0.0742239828174 0.171386567516 0.0516108249597 0.0930701711614 0.177666888329 0.462704836991 0.399064873104 0.561442410107 0.328672956692 0.527228007413 -0.0200610430488 0.500351432250 -0.580687862695 0.284715606269 0.526918768566 -0.398847677047 -1.08486473335 -0.693957157565 -0.267446507407 -0.343097097265 -1.06053537794 -0.989392651783 -0.274423606023 -0.287670507958 0.0188006318579
# log_dev_Nom:
 0.447503103529 -0.702163573904 -0.316886503730 -0.132493880630 -0.106601313519 0.499621668789 0.417563888530 0.149939907353 0.0376209473567 0.00173179176398 -0.00104342273565
# log_dev_Noh:
 0.217401876002 0.682739187728 -0.254532152500 -0.141506060292 -0.269612141352 -0.113100089747 0.100945462120 0.113512951064 0.0381802345148 0.00761724204382 0.000381023418214
# log_Fm:
 -0.712843989430 -0.463292077798 -0.812284137730 -0.200000002150 -0.540347586164 -1.03215645994 -0.604533646501 -1.80432220571 -1.92411209345 -2.10862073007 -1.53746463391 -1.02301297716 -1.11807629882 -0.867317994584 -0.225824902563 -0.200000000857 -0.200000007259 -1.48608365063 -0.619629937269 -1.30161359472 -0.896458631351 -1.18510623476 -1.91557918056 -1.67353921483 -1.78519480814 -2.09815194172 -2.25408929152 -1.55879240456 -2.64083091885 -2.08243739607 -1.71282326472 -1.18863874069 -1.66095351599 -1.37560360891 -1.42433027395 -1.29693992090
# log_Fh:
 -0.200000002809 -0.200000003557 -0.943240117019 -0.200000008428 -0.374544585812 -0.594640283558 -0.393641558482 -1.59960252030 -1.67265583577 -1.78229951631 -1.09150419207 -0.877338389831 -1.95313256209 -1.33735765883 -0.200000009134 -0.918593893341 -0.419689664718 -1.81404601756 -0.636506191837 -1.48377814708 -0.914754597541 -1.54035752893 -1.99655273172 -2.09974245939 -2.17101863025 -2.30782266794 -1.84118193491 -2.70814490593 -2.58167869233 -2.54046805702 -1.98400823119 -1.66396856667 -2.06451088292 -2.27228215087 -2.46853648510 -2.32747062630
# log_qflo:
 -8.62712881773
# log_qcru:
 0.433437776268 0.275058200709
# log_Lom:
3.03205672111
# log_cv_edadm:
-2.62078957334
# log_Loh:
2.61170864329
# log_cv_edadh:
-2.74078025515
# log_Mh:
-1.20397280433
# log_Mm:
-1.20397280433
# log_Fref:
 -0.674645361876 -1.11781460468 -1.31884407017 -1.47567090287
