# Number of parameters = 162 Objective function value = 26353.6925824097  Maximum gradient component = 1.80792715722689e-05
# log_L50m:
 3.78028155201541
# log_sigma1m:
 1.85832959837084
# log_sigma2m:
 3.55697958283350
# log_L50h:
 3.57680320468090
# log_sigma1h:
 1.61175689590045
# log_sigma2h:
 3.54808495315404
# log_L50ch:
 3.46027771901517
# log_sigma1ch:
 1.45665414203301
# log_sigma2ch:
 3.38374664098172
# log_L50cm:
 3.91294054757616
# log_sigma1cm:
 2.35146422424561
# log_sigma2cm:
 3.40118359457983
# log_Ro:
5.67272573012
# log_pRm:
-0.693140000000
# dev_log_Ro:
 0.308212839717 -0.472373901662 -1.02492288153 -0.828777846145 -0.371273371616 0.997848121248 1.17848259830 -0.256530115936 0.335889148862 0.602461323243 1.15839231104 0.791539001269 0.288748337536 -0.127521736910 -0.159357114214 -0.614371767957 -0.878565417886 0.163505739369 0.377758788142 0.550856120040 1.44614273876 0.726067173007 0.836312161636 0.900230821428 0.302158876372 0.774774898581 0.355577610636 0.0170965598290 0.648355275962 -0.137323014959 -0.408072061171 -0.500189671280 -0.843136666492 -0.804375586562 -1.49314228429 -1.76603209006 -1.42650876830 -0.426203998253 -0.221732149742
# dev_log_Nom:
 1.42254679521 0.730429178189 -0.0662378370789 -0.419494106212 -0.622012824887 -0.698998891173 -0.693157388280 -0.638040741996 -0.557301941391 -0.452711888936 -0.639434062731
# dev_log_Noh:
 0.733764431978 -0.257675896217 -0.842873869017 -0.973709351751 -0.943069621638 -0.853474357649 -0.740777940484 -0.622203563583 -0.508773498034 -0.407537284503 -0.596809347190
# log_Fm:
 -2.91973933070 -1.62699084710 -0.200000001455 -0.200000035097 -0.352773009732 -1.59646640010 -1.29625106569 -0.968445764941 -0.200000003842 -0.200000075373 -1.04594392020 -0.677711687258 -0.710418821274 -1.22334406031 -2.20801152204 -1.29827570627 -1.43805567629 -1.49197231509 -0.288907429506 -0.200000000927 -0.200000002460 -1.17036054518 -3.09048676320 -3.30557020420 -3.36675348307 -3.23217744958 -2.95193576457 -2.30017704910 -2.03282783133 -1.60691061725 -1.54627064131 -1.69658487675 -1.61598341060 -1.73380046119 -1.81508817885 -2.05036250485 -1.03474599647 -0.787313555863 -0.987232048903
# log_Fh:
 -3.18449695440 -1.83524073797 -0.200000006505 -0.200000009239 -0.200000002332 -1.18321039053 -0.860546782796 -0.863291169432 -0.646534375358 -0.984202497746 -1.77747752532 -1.31581478690 -1.35981129548 -1.93442261908 -2.90393227281 -1.91196766206 -1.95639776811 -1.93263845771 -0.714157653064 -0.831531402124 -0.900341458039 -2.03135521396 -3.81331002204 -4.15689638621 -4.41947668545 -3.64603051961 -3.51796839847 -2.69487148650 -2.63089930829 -2.49465279741 -2.45676724516 -1.82781431557 -2.19314343116 -2.48704528910 -2.60118766679 -2.44246651637 -2.49415886600 -2.40659478527 -2.09980742454
# log_qflo:
 -10.3946713153
# log_qcru:
 -0.433317547985 -0.137327545271 0.0516356861303
# log_Lom:
2.95854948243
# log_cv_edadm:
-2.66453996075
# log_Loh:
2.93332481343
# log_cv_edadh:
-2.62551239133
# log_Mh:
-1.20397280433
# log_Mm:
-1.20397280433
# log_Fref:
 -0.202261332060 -0.717244337540 -0.945227515978 -1.07718383630
